7769947846
567993891
5874235951
7592006889
6230561190
5884878226
1548929694
6353197425
7819127592
3218188735
3887959108
6898312509
7416611495
6676687740
7800412165
5447545617
1229337845
4270643873
3118510697
6056016890
5976569783
6262687316
4789079528
5536872862
5074679177
6679367946
3988133820
404861831
1943813296
4814892553
3916185023
3037005497
4765862963
4235096273
1409660145
5827149685
4568987415
3700496729
1488193289
7552639011
5883179117
41528012
4447470921
2182343303
7798412106
4249963669
2046151650
5357471745
1557482378
4321611837
7866503161
7770272956
7770272956
4169552230
4244250540
3070717055
5424163322
6954790197
966699159
7509056338
3581962452
1350923796
5560778501
3614641994
315226237
3070390141
2080286344
2974608691
7303607397
7391187627
7391187627
6984156298
6179826153
4632391598
7672440966
3601430530
7684086355
994110912
7360004109
2257813484
7367218363
5706924179
6250918697
7171878846
4860047451
4860047451
3012242585
305418373
1433187634
6744426814
7878877606
6425164403
7886410734
4783903528
7880324144
6115822532
3983918960
7626347978
7280800801
1405064048
1989342910
1989342910
3232243135
7460365514
3412299433
5886306103
4194007687
6637375706
6691347331
1790415443
5656701279
4010778703
3923840455
3923840455
2985568162
7135559293
7725403985
7577903082
1525144638
1073188011
4000916131
2298878340
1708895843
3249498786
1641612365
348855679
5886238331
5444992899
7299910082
7443866138
7904314275
4542074152
3253736961
3611533314
673157324
365247067
2109289386
4238283625
1928311572
3744495624
4907266792
4228287119
3252467917
209789421
1457810527
3080341990
5092038987
906805526
4749799531
5621852307
7019570544
7891856521
3934722223
6996221087
1610675314
4510707688
7911827637
3556345401
4065653868
4770640924
4770640924
1620992402
3946763812
1710995592
1980657955
4034361407
7029854948
4543774005
1274029386
1907529981
5392980937
5392980937
6942302870
7399561102
227093592
6747599738
5711776119
4516659325
6360432938
6824134010
4614796447
2922277237
7283509985
3015217312
7153818375
7810024023
7890588562
4779527934
3579696191
7691647845
2332954451
7853103337
3077487069
6922829967
4763761211
4628737340
5483930632
6342373080
7444480153
1794279540
6197327537
2025274951
7867503680
5619330368
4627265691
2918368202
1529458312
446927907
3592495653
4596682298
2300042495
5775854818
1980370533
7044862149
3122900715
4114565775
4453914443
5758008911
7260443467
7136808516
5694409532
2075545690
7115450140
4163268555
4172125821
4684582977
7932073231
1291626961
5347600919
7124029611
7856356471
5697153906
4381282225
7647388277
6057010616
3132639101
6271387141
4812262817
6832067842
6396767875
7045077654
7847430361
5574439760
7692211595
7942376219
5895244951
7937346290
7943333701
5824351944
3983300935
7942094088
5961999116
4974682651
7938336468
6917191255
3920124072
7557296081
7915446092
5506302937
7941482094
7907220925
7268021782
7577947607
7869474231
3063160488
7714516871
7910760229
7882890284
4768825729
5941408801
7911851879
7846527434
7645911929
1904355175
7005987467
7873877408
7069157487
7882000641
7914648675
7913488185
2306252228
7726693381
6970779662
353992824
7947994629
3665985079
1528279999
7890970344
1658015946
6331100590
7931851513
7902865585
7468128628
7018202103
2238159994
3553406030
3604116608
7810391340
7673771246
7933062830
3714404135
3714404135
4035243820
2292545495
7713474636
1913299551
7883513376
7077348921
6840044492
4240789675
4827568098
4827568098
7560263542
7920692473
1527306929
6715707743
7496135787
3469178580
7693674562
3265100402
6662298481
7864182591
2526038767
3428210535
5734296348
2701585765
7791944096
7795243812
6003041113
6836957107
7797397753
5638440049
7938191840
7591922566
2345672952
3475231753
7116808852
4023131589
7348311746
7304642967
7438941120
7984166340
7531265261
7439259677
7944800619
7573191003
7424107028
7248852296
7810391340
7673771246
7933062830
3714404135
3714404135
4035243820
2292545495
7713474636
1913299551
7883513376
7077348921
6840044492
4240789675
4827568098
4827568098
7560263542
7920692473
1527306929
6715707743
7496135787
3469178580
7693674562
3265100402
6662298481
7864182591
2526038767
3428210535
5734296348
2701585765
7791944096
7795243812
6003041113
6836957107
7797397753
5638440049
7938191840
7591922566
2345672952
3475231753
7116808852
4023131589
7348311746
7304642967
7438941120
7984166340
7531265261
7439259677
7944800619
7573191003
7424107028
7248852296
7714161135
7501245641
7012813772
7594688819
4519958297
6113775708
6264293733
6648885377
492478069
3883070290
5745514355
4143284409
5831824332
7482313439
7482313439
7209500189
7461212914
7950454561
3941075399
6930025953
7931364809
6367246547
7998412137
6478536552
7810052691
6941940557
7641175194
7607962445
7901642133
7004920502
7989758861
5413654953
6074700929
8005097042
7961856930
7618933871
7601305917
7905011064
7971778947
7117496569
6654684500
7936594599
7889949143
4839990632
7960740132
6160380076
7923252354
7991549551
7250074928
7947120558
7929801120
4542054358
7736169921
5709499292
6563319545
7998720394
7987963907
7857494624
7947507847
4474472548
5550342422
7948678926
5727266446
4474472548
5550342422
7948678926
5727266446
26750130
6187065706
7094147021
7563462794
1793048680
6868129492
7967270088
8018836400
5385609875
7970670306
8022993075
3192680374
4462705870
7991796074
7453574712
7857490558
7646352326
7989283309
5644890767
8020993060
8007123731
7772936254
5967283508
7987060844
8009038092
8011947868
8011947868
5856398050
7316837815
7592464814
8013711933
7994535394
7929110375
8012855124
8018205296
5903151592
4187970126
8006027570
5870986675
7944185201
7593731276
7388579674
7452349460
8019106417
8012501272
7603362092
7997933174
7818227771
12793171
7969214212
8006805337
7964972939
6278066458
4581580701
7152953398
6328028515
6269299331
4918591210
5747903342
7815585831
7743642366
5755248277
1591072444
4770567546
8047262224
6657387391
3620766663
7984141057
6933436967
4468441383
7886378211
7152968864
7385041012
7708038959
7988395084
3123609533
6086571930
7972699875
7811731408
4640265366
8050230678
6326568418
8025107544
7606767606
8040724956
6900338155
8000647528
6571916242
5159892988
3241471651
2928348818
7974777283
7546615566
8032558656
7933299213
6437650043
6893984939
3187607955
8033843810
7762600941
6909177064
6909177064
7509131695
6075894253
8013837673
7127882845
7409402213
7861876108
8064916277
6226661242
2903227810
5860537015
2065322899
1562779070
7644478640
5956909042
7951991813
6952248527
7795256088
7724540157
7358841597
2984661759
7998858156
7993411382
8044753255
6933102273
7708937583
7693188381
263329763
7717939111
8012891077
7488152452
4370437833
5518219496
7289839946
5972487948
5037383422
3935348850
2208814094
3434413590
844614884
844614884
226901485
3981121711
4526871146
5310606206
422598383
4347185205
3647125110
1984700732
7168657738
5935410728
3272114269
2284073926
4158456919
4647269737
6179253201
4097879190
5746573806
7267775676
1603237144
5744293067
7186997699
1550121815
1550121815
971669769
3272891847
6144171694
7879077979
6930816970
4527459755
6211852104
4096522077
6981848625
1777228627
7146209737
7942273301
3640968081
5930599348
4115044057
6287615932
5592179162
5677580237
7224446780
7748553515
6942329187
7088713263
4974422098
8028225895
7870777916
6913920620
7750444044
3253732082
5483176769
6202950164
7863862443
7268064361
8056459318
7573945024
2277666544
8056049846
1670723347
3534701774
8094212189
1089371388
5673214752
8051731926
7473505370
6906575739
7311726216
3215875189
1480677677
5517672686
6232949678
2808529603
7577378282
5899731905
4042826169
5453962633
7049932604
500780967
6001625653
5946802715
8045647133
7056142738
498929224
3302319891
6698892959
1426366168
4139145869
8095188691
5973141686
7693348680
4673524995
6948872620
2746169079
7933018268
5460744748
5908655063
8029082143
6178704135
6349317347
7579836354
8062963495
5828503591
5653682500
8100944193
5956504677
5595077129
7853374615
2518195890
4516404851
7644412044
4842297526
8016462122
8016462122
2459667326
7929910787
8103560533
7438428098
7940201714
7967973028
8103412468
1506464008
4150737863
8081933953
7198230968
7270306671
6272976506
7812272095
7922027463
7989718566
5415460964
7919139089
7515143383
7169963281
6969362558
7734562740
7747864057
678568890
5911616524
687554842
7358874192
7760178530
4573376705
2276935284
5862605974
3237234561
5968181892
5648315665
4758089166
4076975996
3514297208
7069103673
5456687587
6273769143
6835343297
7986899084
6917902437
5414824591
5918320102
8076300740
7800060380
6845629582
7734438700
7797704353
2315245706
6703105160
3555359482
2908293906
1019160289
3288761249
2188417070
6852740669
1395536676
1566162120
1649514236
2177688329
4627194828
8110782639
4515400685
5818815892
2051201884
7184599037
7156128088
4225846238
6646533007
7994679394
318158630
4122140704
247658958
7957818724
5535017034
6151081466
6897636693
8073493114
6948290164
4738115667
6408076476
2208681718
407090316
1573307129
5898364235
8161831341
635272505
3585866071
3759545542
4203143281
1467577373
3909257852
437553842
460687468
7288888731
390841931
3536439582
7878278767
2028537148
6269315927
5915615750
5582088254
3602659069
1649521298
6313422693
1648526904
7041708131
3945596775
7221208007
3148091588
8111582496
1651943925
6940308220
1412708068
7871437720
4473759812
5891704832
5730481489
5771219225
2030578108
2460073374
3114325682
6155997353
643401252
643401252
6817726732
4932805947
4932805947
8101430837
8020691593
7662535219
8090689525
1427823012
5028989476
8024889634
1515801207
4830220554
7288720592
8178944871
7164216100
4561788873
4032882041
5444302096
5444302096
7457739714
5657483212
3960876569
4341007455
3885837873
8173626981
3403540187
6822978203
3590342043
5745305078
6151147842
2101288986
2545560505
6251753162
6285144573
6301293794
7166245258
7851651657
7614711095
1696821550
7974866881
3512720441
7379328029
173863090
4073247596
1911048879
7082878795
1543800052
3600664475
6116771294
5445453893
5763713051
6014799293
7163313298
7163313298
4349225931
5590095383
5690345017
4401159588
4401159588
6949803415
6981508453
3443211270
3688788327
8117267363
284181795
7940120162
8013851052
4122663950
3168696018
8210821916
265109624
7342139029
7756702512
1493039083
8121686809
5571368534
7499749561
6270660118
6270891138
8014168374
7691833355
8227845003
646004616
8151852354
8228885614
4039566241
8203690727
7727852280
7798256828
7212064516
6629221035
580151583
8229295680
5613652516
7994046808
2005566765
4048394928
7324730593
8206825371
2281961626
3952758603
7434525615
8244211886
5847840331
8022888102
4170411280
1429017923
6267382593
8250153685
8232903267
4755020054
6843967014
5390060169
4831293397
2282801041
6863965591
2349710613
8084415446
7276951863
7276951863
5644125871
6906704633
7983995251
3188026864
8151433788
4132379612
3723378504
7272022612
3723378504
7272022612
2372206622
4399878417
628038564
8186849231
5702289375
1780959663
6258524800
3965469929
8249930765
4233615931
4592800804
6052449780
8288186130
8288185382
8287339725
8181084022
6555149156
6887452198
7735569751
7499879611
6562537586
8278291617
8280272639
6925124367
6941120097
6130917500
8277078539
7731192340
8136447627
5488151312
7977900785
6998092478
8199971747
2284626590
1987252339
6662358798
4680261790
8185878059
5847776928
8215170593
6935593639
8129885688
4227509932
4227509932
8096010447
8163736520
8283600998
229760250
7296376400
5342680497
5975433891
8303881472
8312267436
5713032925
536749630
8017065686
7826736567
8065286170
3115706633
8250122154
8214009725
7361095461
7175955684
7930050090
8293261189
8227868858
8124727714
4106657074
6907058806
7117677576
8249926634
3078975720
3078975720
7909668400
8281361869
7458664423
8244225010
8240410183
8292520433
8310437913
8281633109
356912766
7911611532
8266303432
7156675669
8294250951
8090237462
6395970991
8308755534
4351110017
7416165663
7966850640
8325002136
1480031357
8316113988
8317113141
8274478428
7815714387
7729235523
5920506177
8266867271
7948704633
1529450314
8013331577
8249960877
3639037130
6749743327
5830358320
4086278187
7001163393
8342948117
6270252547
7906693808
7182255757
7018905580
8284048706
8274177878
8198974683
8339671518
908519539
8230510479
8363365992
8277184358
8322091509
6283058253
8162707688
8263741856
7032241360
6954135239
6467140516
8237344865
4657370392
4459543379
8360605595
7211137426
3310217159
5724933709
5752240531
8051741259
8303586707
6895098309
8282251152
8167740607
7870720330
7319277081
6336562511
8316552557
8365058023
8309553175
8354440612
1915322075
5493811246
8356880210
8268604376
8336027797
7917206258
8295657911
3908541387
8355192526
8289230631
8355428351
7706887550
3604451873
8018533395
4139461805
8181935273
7814447773
7856440426
8007306356
8379425990
8250163505
4773057060
8263244338
8378281387
8378143481
4794405555
8366440373
7871434415
7962170137
8186337032
8340428115
4264286929
8348017752
1937523966
6960185100
1686840050
7906800964
7188993078
8358911009
6667495368
8058454766
8388561482
8335508441
5739235357
8269592759
5457095484
3909392622
7715689046
7714391107
5639506118
6893361436
7022731770
3120966819
4204014438
8007416457
8369498612
8267288522
8365263707
8402580937
7988945853
8224575983
8402938200
8283794571
7380293751
8396166169
7679198877
8396297300
6075661244
4481489729
8369243747
8411734917
8400748718
8409887119
8894068121
8378074865
8408320959
8361774928
8408515027
4360217748
8363891157
8395721505
8407266074
8084964389
8047474941
8160367864
5473311014
8329441195
7983256597
8130000983
7317240510
8408916162
5933454845
7246504803
5588423794
8193398249
1903770222
8144767397
8415460539
7936495528
1470600315
4361843384
5817699454
7992165313
7992165313
4192267596
8087554404
8087554404
7730620792
3194590598
8290147568
8242753232
7614444848
8008442854
5968519970
6887816410
7592916138
243219474
6994577780
8378700014
7951194661
1640437319
8433946207
7135213929
8400769806
6093431261
7105219254
7820530376
5503463201
3456924859
6205461120
306128067
8162675643
3249354861
7927869827
5913555547
5480997029
5875951771
7206701252
8426707338
8442125161
7701936220
8428917921
8025952359
6985183661
3183877344
8438037697
7021327445
8431140608
8421643253
8441451365
4706668942
8436035635
8384080077
8377610008
5871927584
8419287340
6209185763
8424812507
8408875403
5948229109
5352375924
7829134580
8435729681
8262824247
8436892151
8406612211
7983029580
7993128414
7802849003
8441431490
8404928191
8425609083
2236424418
8140135228
7243496175
8896804052
8081542383
7947104654
7277712781
8429057459
8380344815
7866827481
8429730734
8063653088
5397627248
7565782747
4910894750
986829632
8439412390
4023922509
4023922509
3723378504
7272022612
2372206622
4399878417
628038564
8186849231
5702289375
1780959663
6258524800
3965469929
8249930765
4233615931
4592800804
6052449780
8288186130
8288185382
8287339725
8181084022
6555149156
6887452198
7735569751
7499879611
6562537586
8278291617
8280272639
6925124367
6941120097
6130917500
8277078539
7731192340
8136447627
5488151312
7977900785
6998092478
8199971747
2284626590
1987252339
6662358798
4680261790
8185878059
5847776928
8215170593
6935593639
8129885688
4227509932
4227509932
8096010447
8163736520
8283600998
229760250
7296376400
5342680497
5975433891
8303881472
8312267436
5713032925
536749630
8017065686
7826736567
8065286170
8363891157
8395721505
8407266074
8084964389
8047474941
8160367864
5473311014
8329441195
7983256597
8130000983
7317240510
8470490852
7572362862
8472998429
8479170430
7965709903
467336010
8198815537
8088714992
4042283173
8186091242
8479847942
8412611600
8487264091
3989912430
5581211378
8294280524
200486382
2946752858
1532108730
7286093403
8404872546
1087001054
7170359016
3750651845
8108702701
8342163967
5697621556
8499940807
7945437127
7207365241
8489076393
2093699314
7008440207
3922470272
8445260523
7660363765
8500321884
8503658239
8474231804
8261388091
6041087907
5815660551
8477786945
8276920662
8495028589
8469424947
7940929132
8108260712
3440356848
7753301014
8430628776
5510347672
8480602194
3035330892
6864029936
6941161003
3434613722
7296720187
8880724672
7782906423
5868459903
6908729145
5669738545
1397486007
6839129424
7592793953
2323286488
2323286488
4482031542
8501625911
7206722039
8215536661
6605856556
7380187258
5965121180
1347216420
5585517658
4413258437
6867445819
7264864294
3078874129
5108092932
5481791535
3068503050
8188757303
2332682496
5638898694
2077695516
3537971254
7212796888
5820052270
4025212572
4346612992
4004464115
8166812006
6911671698
8066017646
5619265453
6300803726
6755591291
5356459743
2209173434
4108718541
7173771124
6927127764
4328785976
4096047115
4096047115
8287387666
5878945367
7345905502
8474866922
5966648830
7054592601
6671021214
6270467240
2542617091
2542617091
5761479117
8452839582
2256286309
5989206235
7481575863
8534144610
7753662819
7703695182
7187479162
7230799859
5720582067
6109614340
6858298130
6437362217
8468509728
1912733553
3917645274
7357658026
4135906121
8526825409
7450773038
5777933220
7222795945
5872172697
7980014515
8372305498
5501833873
4277911814
8178509159
5983420196
8533243709
8261937819
8475851122
6797461913
8444059156
8400419323
7662567758
8135328307
7355233400
8431772266
6187641047
7004633923
8490579071
5908314290
8047672566
4993756939
5470721914
8073137843
7604747628
7049751408
8413341554
361867120
6472768655
1694335407
8001820566
3886647986
5986731411
8437453103
7817251413
3966536098
8560000279
8513642595
3529195948
8456983815
7753786200
2062214618
8165124984
8377767072
8566911282
4235600452
7384520475
1252075202
5904107053
8573247379
8172289079
4302156934
8140979249
8564093980
5511838392
2329894586
2329894586
8168779233
4058636388
1904609648
6111970638
3583625751
8626769138
8619137172
8942084372
8626474919
8624455465
8626710682
8911597230
8508198906
8413237111
8102107786
5714513185
3310582639
7779402880
8660373853
9014692974
9025268682
8882068305
9036756942
2283653286
8650064128
8661805044
1453104954
5803539139
8999900137
8505991399
1664157709
8910101518
8510756760
1314066111
8443174467
8502087340
8660606259
8557272746
1468863150
8007938463
8629351917
8391849297
4204200636
6002027505
2265444989
2059224379
8609146317
3046784326
8525519597
8371314142
5547350765
9025796813
4673086198
8654702052
8679077810
8494574334
1560651910
1560651910
9045252783
8988597101
6907296449
7921136367
6830484957
4257064786
4257064786
8890277378
6983951018
6983951018
6445816849
5421696066
3530586870
9052388046
8163144321
6924987531
5352910462
8442547076
8912365120
7638929146
8661284641
5854997252
8339242882
8629037900
4636381439
7691326302
9009252556
7553842647
7363995986
6797973304
3740943016
8980876496
8980876496
6675517541
7453869860
7453869860
3227351658
8638366645
3699530646
8709590526
6243363373
5399912230
8715411277
8711019602
8609587996
1661775407
2060465503
7213559757
5506361593
550647539
7827433623
8710216575
8952733620
7765846146
8504373897
8637569699
8670524253
8279032435
8459209865
7578266153
8435606345
8012801940
8722069833
8722870999
8368274477
5759655824
8724460835
4847279403
8638665892
3171339026
9065708435
9036212921
8625357502
4179881770
8581146954
5763759051
5519861021
8706680067
8219828559
3196282283
8589216700
7946170168
8009448940
5475179824
8698579181
7692638813
4944431009
8708253556
8268448894
3818543404
7686973417
7715649687
2418113691
8429255847
8736472009
9025053533
8899502219
8671475578
8993565711
8546537887
8613949100
8957805973
3423002381
8736309039
8897358902
7561849173
7246998333
8733663105
8737213550
8736216568
1743528332
7810276903
8666286013
8738224791
5067806361
8491904610
8422416652
8045257610
8965294173
8514061467
8723777579
5823714426
7999815558
8129237817
8100959296
7379137401
5452382076
5734155734
8897613651
6913639704
8688307845
8048140191
8269594191
9008533639
4251448697
8891828997
7205269105
4076311010
5678968486
1043908247
8579741230
8646205211
6756203204
8987870157
8611076967
8707571958
8985653999
8074253446
8895142967
6539524391
8983333716
5466913742
9012869713
8921998610
8734917594
4914114014
8548270533
8919470572
8731395498
8738773884
8915726411
8429731415
9007773025
8738632486
7965268909
8664557098
1655515389
8750167946
983722309
8573839465
5537918530
5537918530
8885598022
8749982346
8532684663
8744866962
8492718564
8980782147
8745669316
8984942138
8742734924
8933237973
8690897841
6968941699
8743914441
1161802951
8748093032
5360731906
9054733495
8127015174
5786287185
8621556942
8560531688
8748071466
8074814817
9050029154
3567547063
8741980474
8880932779
8929590810
280498258
8646584649
8745589684
8687425598
5834240963
7182959599
8741626629
8960205515
743850104
4526123781
6358445218
4464888261
6927470111
4582738627
8751903511
8059659442
7994703724
7922212959
3291849458
8264391146
1681054694
9010229496
8623894383
8554252356
6728969762
6073207097
7987270705
7141215088
5910123846
4297174026
8061729833
8469421247
8694387640
7328015704
8376804507
3869480050
6896343139
8699761375
5555289059
8183177083
4742429570
4742429570
1667397402
7033587985
8982828881
7039699694
8487931235
8687265047
309113545
8065805623
6668122964
6668122964
4175027550
7486837993
8180867482
4619882721
5473424119
3645105982
5772324910
7523381547
1642572385
6981400664
4226634153
6888712785
8312675466
7322722774
5892848966
4530205141
6271457899
8442332245
3528119571
462817364
5773004184
4113771631
8181935075
5327984632
4725862608
3933876049
4544955942
3077620204
4013809388
2992533918
354939074
3588792333
4385972043
3987591260
7231878572
1049415998
3243159556
1314939408
4708217623
767092841
767092841
5785474347
7305185162
5375691374
7872860921
1544802182
5447647640
9012926184
4189800599
8363559498
3324166660
6436025516
3546625569
7115846598
2461678567
1779119647
8793055445
6776444359
8752152352
7598960786
6925210198
6857330902
7230806176
7202583405
8576041766
256725366
5875008036
8137034512
8683242372
5672568636
8691246121
9162264543
7971432091
3649026458
578918353
3868458327
4768696258
1319911454
5882771610
1501846570
6672669765
8373245962
6014194486
8924471333
7757114610
6792602104
8717747277
4625021841
7121612078
7775398555
8657997902
8002233761
8419874272
9176320097
1514934180
8886500671
8604370008
5886051613
1981095500
8721295078
5372190229
5372190229
4260872374
8693081371
3596102235
3227096865
7331157066
809639571
4018678152
6922212186
8440113147
3982755931
4281451135
7102748097
3543452292
6086543734
8401235080
8903502389
6532439440
2010866662
4790210919
4058461988
8952454948
1574831422
3685259974
4255598371
5910898152
7151332421
8488991062
3993108611
2541508736
2537977573
6865280164
3617873775
365608489
2321156650
5656263691
6089466960
7923168278
7117406966
8033692390
5487585263
6108477994
6860395788
7621194150
3027473602
1767105060
7116651527
5430085425
7058437621
6066147017
8895751226
7114451136
7114451136
281397225
281397225
5615879216
2247754270
8026111747
6392188267
3017921553
6463480108
4777003737
8497074705
6418867772
2282601551
7505617052
6827934185
6844913257
511537857
7143127237
6430112431
2906658970
5527175197
6823668682
7238105429
7155595615
3972364214
384161075
8022738900
563300682
5437640668
8592049680
2540668114
3904777787
1557012584
8634759284
4745773125
6047906269
771387344
2065103521
3505267177
5365779513
1432915826
7395977653
1476299997
2209469608
9179858550
4002154506
4210627245
5634544250
8784415597
4197226078
1976738260
4483231547
6918928199
9193705494
5774217680
2209440401
3107457317
1570857547
8969782258
3301589871
3468483523
5583117424
8133282020
4991665384
8403164328
9039236257
4456278744
4134781373
2218721072
4477225040
4270237918
2097602607
2310578426
6705312441
6282803032
4071089004
3007901911
5857730835
4474431028
3196408756
5519000248
5584798264
4464629975
2056888206
8415634479
4145505540
8452970101
7122516366
2345593099
4711971783
9037333151
5723555094
1501857586
9187154584
1571886379
9203290233
4962391230
6356793666
1778945072
6645890402
7700412191
8646914730
9187274220
3666932290
8729752675
4151357543
6761503368
4012154120
9204841951
8946359427
3099014999
8754204267
8642226622
4313628043
3594038195
234810938
3271034680
7516239641
5552597064
6916603185
8493477101
7361264317
7236019208
4697715428
2209521260
1495650433
1737826028
2258014009
1434071664
4014284264
2247295051
7849357814
4660457101
3643147051
9136876403
1020581927
7887328050
9253489969
3214685864
8327943136
2249739694
6973623280
8470989941
1721882800
5421130846
5507646683
6873730941
5393333732
8990941991
7770243417
5636698347
6928330846
6317515300
6846449918
8895222739
199696737
9251824734
2530344769
1491917811
8949543632
8449627556
8983461417
8320909812
9372752524
9231667678
8677351205
9120061539
9183435427
9275752487
8987629316
9058743099
1740852527
9373184610
7366842561
8990829594
9033838453
9232635414
9125039149
9262963021
8004600273
9236984339
9366288807
4720168058
1933216954
9368569358
8942343915
1592305242
9181115704
8782936376
6012340853
6012340853
7813822004
9246610187
3421060554
5790985677
5790985677
1342654139
7259305838
9377769282
8234196947
3428254361
6229827306
8478833180
6998846999
8322038697
5672199188
3187830039
2120215401
4047605343
8073676649
6105842062
4475307324
8600604513
7942809334
2312821706
7189297850
10184273
9222536302
5792148495
8393500382
8781779038
6221652459
5389143778
8909149327
8907174653
6279350550
6044447680
7552949218
3651315845
5836641889
4074376548
8575706375
6026506590
5723002750
9136271929
8587782777
4609787501
8679161914
6843721425
4160090298
9132910569
9369323791
4175261991
3941181359
436591339
6070297505
1219459893
5007082370
6825053248
4460545740
9376403693
7885752907
4547549927
647068197
4425148033
1823229975
6260109750
1603143236
5443750461
7151804461
7159413801
3146745810
4221944847
5927953276
9243906019
8406005357
8910902809
646804158
9147067154
8491410737
6258266103
5977408754
9280141347
5809334559
8681460743
9240663028
9133247068
5880306806
313192573
4631352097
4769621809
9177748856
5787467621
4398330538
5972852746
6347038374
9472554475
6225654205
7897943915
9374791490
8145687332
9302848861
6790890572
8280996701
7349985413
5384726806
8679677742
6685400413
6832212545
4892164544
6493396111
9039940577
8985812350
9140450561
7930959396
12513112
7673959794
1523277570
1523277570
9307397246
4272240233
5561106898
5903554718
961262357
6998391670
5710867680
5803791005
3492437249
8151178720
2059763199
7131316626
7139948464
1395137900
8791579695
3640130513
5718040802
9302262498
7884872071
7688136121
9246015286
9512129497
9274175247
4550534054
3578248604
9484563601
9065669481
9656272339
9158003955
7424195631
5608265497
7923252573
5488578119
7208257471
7855100577
4787304147
5881693001
8038336202
7604426987
8511132491
1583893308
8469270659
9044212219
4559873527
8495117782
6737358765
2194657822
4980026810
4153812873
4789135796
8918526326
7696912933
5665289694
5715927934
8526571063
6421457727
4072416105
8005616869
4644197836
4644197836
6533253088
6522600057
8768337871
8891764293
2266527366
4846797020
9170216567
3730849309
7826518251
3969324908
5601445243
6661021221
3882468854
4644051241
9296444260
7858096158
7858096158
5888405450
2713957413
5375218792
6267815854
6242895079
6242895079
3469961633
3469961633
7440035935
7311115146
8188171046
3562830546
2213809166
3040443287
9540114389
7365859814
5364331427
7896532546
7571967571
7936410712
7945538468
7181854998
1999009946
5415649185
7383951411
9288907280
3533898130
9509354739
4808227881
4538611382
5994412506
3579189480
6095490562
4031754011
9608069377
7315620013
6809541769
8703351191
2211466016
6971554291
5324735065
314807473
9120430429
5691222904
1973795378
1425703925
5862103968
4658538926
6186573880
6171019462
7097029701
5495793386
1458944815
5390803709
5390803709
4580798240
5425325316
3266380356
7937184031
4330380017
5990852487
7698264396
4185901558
4208488028
7740502820
6176786912
6176786912
6961836832
5030293045
9181654458
7631431697
9524789231
9630747647
6856491827
8396707269
1497207521
9263975125
3530398159
4028744061
4028744061
3147329921
6726208794
1466267224
5547467364
7863705066
6736333202
4288640629
742220336
4311613131
6161142877
2948260656
3993389671
4696151742
2909276875
2277727662
2277727662
3070628077
6458459592
6394484868
1467519229
1538927757
5524704058
9237381631
9457939817
8561248932
6372972248
405233432
6665422174
5507054909
5630271809
4188830470
4234776596
4092450897
9185017015
5516024344
9872104531
6828172004
7027056734
6946050824
3969225577
7748732720
8928405795
7925976772
5807276840
1916846334
9208009811
5624452916
8671644922
1647784384
2353927660
2233624876
2332400859
7523380419
4744619321
5318707998
5440108096
3114138697
4088088317
1335851031
7305293703
5148680227
5540827284
7432136300
4829525864
9900689202
5529194975
3030702070
9913488760
4474486129
6870520367
8706148085
8513474097
3447923508
5570616379
186072191
651527383
6033251592
2880980848
2470242483
1459039968
2524620964
6060305549
7182819347
4526534944
1659132915
4232374026
5428182654
8676420960
2110834561
9750812938
7271959271
8330339287
6224697062
4286926007
4038924382
9634732572
3549331638
4573399186
4186925705
8689340619
3951665940
5933992836
4365757915
8211272422
4303196417
36003134
6505400821
7531558111
1389474871
489192348
1538411928
3524780662
3876627674
5956785618
1542912060
1384773910
1384773910
8311627807
2190964089
1547838706
5929897980
6934087045
4051497051
4027213438
4841669730
4203882989
1740230122
424535318
1080372410
6806073154
3595062513
7916251847
2953002653
9153223419
6519955760
8931286806
7120662000
5532069020
6211904269
8510026869
4311071883
3242619620
9122364780
8224898701
8224898701
4607551949
5559104286
6911951045
5562361651
1794882916
6776265249
6812685206
3068840291
1565719602
9468835865
1511985685
4533561559
7244974977
7495668044
5691088240
6542899084
1810063032
5838873213
6980499023
6039123966
7352877084
6362653186
5401728058
6978930986
8269227040
4924809675
7940423063
9418840239
7114738733
3522902441
7264593904
6358252267
5655334857
2089485752
5493075583
5787651240
2221696214
8540252203
4790242230
5590630383
6308432710
5782274282
1641230900
10479213
3462760175
5925322389
5445452122
6390039995
4537804598
4276141752
6072433822
1416986795
6416743398
5344672847
1501579301
2240088748
2312476485
3060093149
1387359446
514737902
9382450418
4545355263
3516836028
3516836028
6356430508
793007534
9992248654
7003357035
1546739894
1486080347
6977405681
7027008605
3243569573
4090918984
6937549264
1659349937
6025607494
8901918015
8960470322
3131992274
6668754712
9862982765
6080002584
4367958782
3484435502
6268742523
8406709087
4859503489
9951236422
7291243027
8206221685
8056834811
6005481870
5587295848
3272215633
9392274345
10101250974
9046207857
346152229
3958585054
6899621638
6901419513
9290020399
3435322726
965020335
6333249099
6763478439
1521035479
5330440726
9663086116
7290291838
8541643124
6024544111
7939435205
5950941952
7910911827
6599052351
7178717107
7903661353
9709615017
8623736709
5943726730
1934379395
7566297760
2204302332
9031052526
5496667450
3051157352
4535895070
8002010226
2136838358
6962912775
7557948863
5945144876
5581013630
4085887396
1554530995
1690882439
6200480079
3563147008
7068866329
3090455179
8376192632
4322721855
9697461026
8036944711
1977145031
4504897361
5341979402
4478613138
1809085686
6353093249
1509655171
8559159662
5378399354
5381880300
7824677887
7888334160
8999878709
9237530783
6878451947
8441292660
8776409399
7605563491
7751582344
1768871808
10115005614
9956725299
9183057649
4179815486
4072821955
3578516627
6506727686
7201214765
1558914687
5898154329
2079443570
1682931807
9360634402
464163703
8227977247
8756770448
3064312579
9147214895
8064299682
7018871363
9229979654
3077835730
6978038506
10098245854
7571505954
9649902331
8893694745
4518311929
925779007
9681819170
4129099581
5770045853
3099962063
8288529987
5536925138
3974360504
