11938311535
51606790283
7157084037
51241721422
5519420200
2287495961
51396430947
50819713767
2059302540
6995554861
2112721179
12354187300
7102534273
49586938163
50811238706
49133130632
50834720325
49702781313
5458623029
50429367185
14021632385
42838616783
1518178403
11550118666
9227258003
45202431254
50484680495
2006085591
8901405518
8956917850
45438030735
4990349893
45239854845
50187576515
49200252209
1702677098
49534167119
12251088636
49752625073
12006955251
5366298980
4054086599
17220037471
6166226238
47591802146
47903976378
2951081494
324685282
35388124707
48829914873
6632801212
4917474311
1473941989
4277672492
33518597246
37083688622
18099427751
44109487680
32094991329
8939062704
48487796148
45036645682
27647761981
9157195964
3916659544
23869324626
5540994320
1753251532
48265945287
8774617106
7690314850
47885067541
47151207339
23059463518
26058414222
47414305196
44751217528
44810273583
45188078354
8513145384
6420795168
6812602484
6198879749
46179902653
13460962640
19508456803
45602740102
46336097934
1530111120
8723865750
45927530779
19131791669
2292470224
41457683138
45940697248
46095898018
1379482723
38769725933
44986994322
27539024664
37551311550
45458487886
3680657655
44851543526
6752625338
9207086800
12576948622
42578086304
45224687455
45209660748
8954583883
39376365035
38334301327
20247383753
8684152065
15937214463
20985245625
7021855360
6857835267
2034405171
7235763639
32456330666
23617691794
9388755726
45150680233
44563669987
43449553815
9403843654
44645528987
3175056907
19374021325
37481879005
43636367754
44242824548
35914288118
8750598013
2206155477
40856362256
2036971802
4149072122
38920670189
43312097278
20029738186
3542188216
19224190710
43263923067
13618194011
43005619907
5441468495
36886529995
4665941716
32241105416
28579940294
13991589021
40711365456
42518836263
27492760081
34081476380
1450584006
23214222916
32175369094
32652946856
5409660121
5826100375
9262028904
15883787425
41128702012
8395225925
40733704743
39467749778
6552373243
6163374936
40396237870
40624341939
40394101023
39132151268
37037902296
39530124746
18001601210
39925646413
33906236856
2908670500
39876020360
4831653358
30590237122
6362058764
19072792819
4087452960
3041910851
5335488074
39005633681
5529137218
3898260957
37440179409
35923910690
6695011191
7388586247
6020425053
38301980046
3453539865
32517683434
6865953080
9623346151
10842823485
37487922256
36642260309
33910470544
36404508943
32539946271
36549485641
1409759331
13376933796
9140308467
10328362133
31795429419
7658116799
7147179157
34660940928
3592750757
7732697605
10677677014
4065260338
10390848056
29528158539
6108873974
22325524273
7603808743
3575576029
13464657162
18591038032
1469150621
34810147929
34748928858
15381371640
2371670178
21191958791
4130522752
26787936786
7745035177
4347922760
25230062556
22123663297
6924639120
6929072656
2353004152
30520745474
11909785883
3513990802
7255461927
6011123710
32698926740
13713495627
4081472549
6968981927
661332254
8227377031
17194985932
6506534637
7746335065
3029803739
3946645423
33297181796
33506408471
11056278350
21261054168
25466274282
8030938277
5856106621
8016740464
31578454371
31972889138
32692817908
31966624696
14224812229
31939406172
28157753268
32098663474
31793625381
6314375465
9216399058
5559856853
31944803696
7965350756
28175827441
15702535958
31499357089
9716933857
9071383505
26295610943
7276809442
31011298040
26465886082
12084885198
30534231084
6046784680
29929319989
30144758685
25527540818
9193383401
717790648
18081215889
27550322147
29646550797
1835842166
6873653514
28713012952
4832077621
29132364091
5421628374
1413651666
6430911462
29140240713
24260368414
8732442619
1411618313
18354717043
14729094805
28462742943
28472149778
25601315093
5778485137
28029384751
18001063196
27933444418
28217477775
8890183252
4200176956
28352561234
13763488760
349116412
27618120630
8921716193
6932381173
18732496070
5707824232
27295805766
8249624323
1966453302
26511390996
27026989454
27028000757
18124364157
9156750460
26448210030
11583771186
12647610149
12894493464
4066915790
26109836742
12819072480
8401592574
6573395659
8453666551
3190048016
8438447619
5348668697
6199919515
8690883992
26187861217
12136332859
1279026679
9544103744
6727727874
15275327441
23354769033
4316178560
24816661179
4817357955
8148970165
25214358842
6041794916
19001295719
4768477970
8914007695
21846977291
24162184863
23461216518
11843844300
13721349905
12849304598
24342760708
6896352934
24051948558
21381364107
11437548307
3892610896
7944321631
10960633480
11310427282
19566362568
23210371581
8984078093
14576986078
4037644550
8409821823
22214092050
23220793255
20668341804
7057144912
2948549636
18591694246
23116053141
21624565879
23123567545
21509767251
6201847388
4032469675
21612179291
22386501780
9221496286
22838888055
21261189838
21643070160
18190938429
6534814326
12554354672
2212146872
417746204
8674439142
21445827237
10896275332
4171510478
6684300294
11109524814
21455897488
21886609576
4325843608
21656518296
7972362501
2725022429
7080323260
21384227801
19814228549
21268622191
5945421590
21409688793
1314356065
4584418285
12623601656
8048480595
3535945574
10918629892
3213547195
17524517145
14533031358
2054722821
8297268009
8772254462
12538622011
12985594795
3638993820
5963387160
16811075145
4219437066
14981316699
12193977355
20943128381
5988458942
19461725252
10971514355
14955342105
17448649244
3400584467
17924114398
18982390985
9898731410
16605920046
7325965380
20328106617
12174173597
8518928526
4297040398
19920737337
19065358962
19311130573
2286154664
6325960739
7858090475
4612117321
8513812237
9759162585
11107680514
4760566323
5433838258
11362255061
8527714107
9962918003
14825294259
15776363503
6629177649
4149192544
305353595
6202282736
17358926947
8530081171
5683640895
1470722553
7034342860
11178977970
5764091482
7112966244
6815581915
9161336082
937159054
11140547004
9035838455
6191467323
2007019761
6279738056
11462651015
8781772972
2098207159
13218411747
14466994060
1267456116
7743221040
8617054471
4514864346
13989240654
9172499213
4981047277
5953940530
7081894209
10103146042
3006690363
11933587851
3952665956
6862659587
8055438273
6900463870
6001808324
8537997761
13984863401
18783114707
2803018742
13592962305
6785075905
6204447276
8072767271
9165752908
11684383436
8522004836
16696651080
9269764489
8155495275
6355887031
7376800078
8986934232
9167170523
275873828
9553285594
5041756520
7519746017
4205217622
6289043475
4186976139
4953047819
11228962334
3641138833
6097858053
9175658213
7345369183
40275023
3075905587
7033602127
7176204558
10739571228
18984752313
9637389502
13087211013
5571287508
8211684876
1399977240
8660724897
4125447728
19597274562
15029276987
8531237740
9923730998
19562660312
2262140833
11687150802
1532979480
6063656613
3652841433
4037986726
4535682649
8897806324
7115531768
1478741953
6428992245
18543617731
7384358652
12572452426
12674253894
3614672233
13465416455
8744362270
6652020918
13084807837
11405742677
8174817149
9191026818
2256570746
7179625796
12902936228
12409178455
6668002008
12736435544
11404354253
8373584706
8889901374
4203890021
18655367151
19342237831
11083986011
1193593458
14834871327
19359963381
8160644688
4806092132
5494214408
17112893179
1835339781
3232946337
13091249196
8146876953
616987591
9283048593
8570629818
4568786023
1621291815
5865528114
18523663525
5027342901
5996243958
16210248583
3279590328
5716791187
2940634212
4234334912
8655115754
6036808122
2283325840
7540108896
5442788694
8271336768
5032833620
5624352523
6192469067
8995668256
12902858240
9490346776
4535703270
11233578791
6786811569
9124647220
1580952193
12075715112
4626200044
19059602912
12868447848
3515808053
5570525004
1906592211
18888680184
4471102019
4048624412
9283595299
19090651200
6938065613
5596185390
10226308872
17618026199
19080457277
10628184688
3571202356
16633143622
18281338834
1730962463
3235294794
19000511208
8910333424
9626644414
16972104305
17556420698
7311087961
7029493216
4193530575
8650170510
4234215406
1965888054
2551210363
13107554541
9447889689
9281543300
14400126529
11444777487
18567655981
5601332611
3059422312
4495185664
3244608083
3540756921
4435903866
11206507218
15728067142
11821575145
15751038609
9624573899
18296924639
9198843366
18309125452
9771076566
8375777208
4766577567
9133669244
3234765254
7421244148
1424002603
4916065001
289898892
11122976370
8969533444
14045002244
10817975608
7299251710
7376980631
9016516640
2214517388
10747520376
3571422202
4142025626
2315656749
8612295858
7330064720
13065929756
11314210138
4479058940
7633974539
10657070694
18308357460
223187845
1533996913
8480456932
1994865652
7439904819
3898963460
8216275173
17073597183
7931571132
2215200532
4871839365
8254418854
4914208047
16120185271
15131003283
18079077178
1532329812
18605080703
5578117488
4322917158
17703079157
6479119776
8953916418
415472656
15884692979
5076370206
2259011774
10489652996
15670668385
9960205528
6614467834
6280207050
16388394664
18256862198
7569889806
6921359767
18310201064
3444875802
18337681817
1409151636
15993829274
13315210823
13556072435
11824301854
18156636937
5692826264
4462072551
9224732085
14268587903
17884980260
5741811530
18084513866
9745381976
15846891012
10820706375
6644582417
6353276605
6220300018
13375457423
5444053870
8364369459
6845553748
3768357074
14024568891
15694081684
7103690499
9017412731
9255521038
7716657110
17703660846
5551144740
15007589686
10126750627
2925998042
8006054701
5932749754
6837279445
8722114493
8457390777
6392338382
443823716
7343291898
2258022867
6254894897
359990907
8405648348
6442648671
8697263767
8195944260
7298320818
230028482
3974967050
4168561292
8615777128
4018280084
8649964751
7340515392
15963268074
7958195750
15676041490
7298745333
16377738638
11339186355
17588632703
15462475020
9999777437
16471809932
11552735795
944611585
5867583640
6955730982
10085564507
3569386670
1506642687
5029879693
1970078613
9866770545
7753211599
14698989132
14814735721
17912017312
14179074041
15244937669
17932400915
8892116068
3620447834
7878884449
8684396229
5329151233
7662463508
17871698272
8960751267
10272385838
3875792960
9298680182
7137165125
5990089562
16088031857
16946714612
7771905697
9123944595
5630002628
6747189987
12250250195
17623371446
17207456120
8153677010
14557803113
10185990311
11398048907
12371423998
13149551516
8241006250
15981784065
4196887304
12136190618
16480324732
5538692422
16609670879
9535195515
16376675050
17576219508
10820184468
15276285280
7176511224
17128485107
13599720325
3605118762
9390233101
13873362930
6733547911
6822035626
11609975167
2209761688
15652609444
31251995
6038537888
3565245657
13570363715
8309845074
3575905001
8905660126
9513258179
17204270882
4822380006
3174083470
637968451
12570115915
10215975573
16341796356
14898290293
3134319826
17146145486
14160608069
8264596145
14004581914
6661398951
13569000124
12876051067
17551320243
8636047767
6716880777
15461105283
17376120616
13152993454
9180764014
4248477767
8231607122
12098930950
14575886913
14649491427
11604300344
15183532857
17106047813
13029001334
3534526147
7053658156
7667929525
14755479002
8580910552
8041943825
13284132447
3991311713
16910126425
6003385970
13239274929
16641325096
16713144500
2462425387
1546149348
6935908020
8350487606
5687448400
16746531940
3922674110
15613920315
14302354090
10738934289
7958860690
16817447965
1152731599
10163992644
6195986623
1315778097
11674263265
6973108264
10331723310
1527233739
12054196924
7072069355
16746588295
8125878454
1253968590
16240166829
7497331855
16913185086
3887819699
13010759058
4598655280
13128738016
8656057677
8764086371
7286409772
10323149300
4921672988
6653079395
2976586211
5460710808
5977057977
15065731344
12779410854
9633161741
5899489276
10571825763
11834827160
13140916209
6719788536
13993830786
9446084785
16636419503
7705336156
9211041869
7110304489
15841317373
8613416724
11199831172
13370781426
5655983612
15931815216
16481156697
9208057707
8582344462
14031850484
15638230417
13874191973
16439820027
6218304674
15782477459
8977180726
15941042355
7327476713
11101515011
6422553854
4916968360
9516993039
10576836712
8797799627
16568690595
9648588937
13072425938
16394585358
6061856431
12832792888
5519752630
2302021693
11912461892
9907782781
8094465953
7091820658
16434565652
9182819548
4815834396
11085805814
8427952379
1031859121
5576109268
7869879876
1992548893
16170398682
10000386609
2041662580
4539187755
13285619864
2649247839
14815945488
7730910197
10364287192
8789554115
11452493899
9503654477
8237751538
2537233412
12357009222
5733487036
8613544339
8973460764
7791568992
7238644305
14251716773
4785912824
6632028926
3657669822
5700214126
3454625714
9221082438
16395777343
11187770058
5704729856
4563361556
12745024153
16131710259
6868833285
14483161853
15236655833
10109610576
8264682111
11659161282
13476451042
14502101615
1921419361
11546750232
1330116864
9186984275
7964303926
5492910336
10264659860
14402299839
10655140802
16147130573
1554296290
9514921689
1505984955
6889130439
3171581002
6027840713
227536368
11216451560
5368728378
7789970352
15161872452
12248253040
15449150834
14931974945
7085297782
2323320664
10130529851
16159258821
16158908358
16351515191
12240488357
10628450778
5331895600
12432885112
6676139694
6872670870
4495155285
13067735035
4720636930
16169481630
6108800820
15790095948
4071520872
2014712758
1702957718
15711215642
11050554635
15974415711
6390852556
6940526666
6151016201
10688456371
9654300763
7771477917
12162020716
14477027156
15961184255
9147822094
4039560044
2419000152
4725135472
8624135784
6507908604
13465921660
7916870664
7421032229
8944918925
15647279151
4269109675
3615332555
14800089874
5935203985
7047368008
4308474067
11630657203
500920549
3432341301
6850416404
3999508343
11297266878
3053253743
8668250983
15739860091
14263858435
15728445236
14771924292
6220444369
7098024221
7536203366
4824371111
4147603397
11095977595
11695119200
4673271219
14106798430
14108852673
8740630217
4250425518
8693332665
12048322149
15606976981
4583304342
15673722186
10621778089
13565517542
3256064107
11710581522
7409312572
14304955975
8604684019
12783622682
14469970262
8773293108
6302927534
8233537347
11809863269
12629903105
12757084202
4466021813
13506042512
7030850813
484328835
8421876117
3215462619
13285213644
7783045320
13126152917
5344140586
6752918724
15415464054
10644192252
10472687261
14333241603
7132055082
8578829475
13742985938
8921894032
12536399931
8032175797
11873773613
1308166362
5757995383
3316401028
6229596874
10676637570
8559821675
14050837506
8664188814
12364761571
5432988012
9502055473
7100791584
4975151997
10489536094
12324160692
8996581781
13523608005
9244257556
6668698603
13020427883
5752599010
7899466506
2928174017
8645119507
7316524306
4044816831
2964106091
8172158980
8637826397
6438998333
12297463053
12180288314
6655793960
10128933633
13586004616
9744219325
7053761703
7519020646
8661322457
13139536642
6716649567
4992443191
14705796671
4533106436
3711328521
12057248472
14571682133
3609184712
13252689007
13618922196
11623373168
9192510167
12606616625
9650291104
13376651778
2241470183
12599551352
14480750885
5441439263
9609005853
6766787235
2266651390
4178281521
8158949648
1486896445
6321996032
15299307139
2166310528
13937431054
14807375026
5693617646
1564977374
3082508498
7855752908
6815377335
9314692669
11589939267
10593849607
1595875171
7822498434
8598470296
12983368078
7626031415
10233184258
8624482197
7381832436
6359548397
4226442416
11612496227
5386850266
6209844245
6309270912
12413027713
3444286887
10209634932
4150134294
8093762634
14703127940
7106627782
7654593841
3669102993
3526060496
15181532072
7520582492
15048345628
7628626956
4144769157
9264297908
12647649182
14649824221
212567196
8383254499
14750329390
2714489567
1326142051
9176339947
7420955906
2464915841
216279112
3414101656
398342119
1052515300
1544648201
11199333782
7407865826
13101747317
13387204
12160290389
3643007764
9944413357
14512575271
7403898618
277030504
6182602619
13569004593
9437633418
12526244386
1604849711
1977777591
3069953356
282795416
245212734
188956198
5988860909
5814039553
12267896116
7807613192
7142168905
5384937546
14889000302
8763601152
7287058200
1604182340
14545444176
14670081883
14301220180
11167390754
4454835087
8754784411
7861134423
1598535348
9714563281
5708247565
5602815445
9656716690
8195769119
4788925376
1266161824
4741313699
8249705522
11812964280
6208224787
5518038573
8957565122
1633643784
5582910825
7002825213
1493838228
2645755288
4087886803
3534171115
4095502060
8913613980
8594132940
12507907506
4714772726
6966008181
8378744371
4476196050
4356973007
7644866119
9294961886
7200495830
5901762150
4148286634
14657986388
14672080634
6284869897
14474298885
8415809585
12886169901
5488964387
10007297218
7448203069
14408844607
8037533620
7318768671
7451988133
8552966508
10345056742
12194700620
2297215238
1530094976
7080409644
3901605540
1043514278
2260198273
8451328531
11053659105
4283577600
11194954314
8716818418
3301777354
7632939555
3118004014
8355155760
12732872192
4002818461
11619313849
2277372094
12165283483
6750935695
6253668133
2323953761
1549823129
13476056764
7379202335
10229836536
11770902432
8941644986
1445115953
12283575509
11234684781
12308556287
5402634524
10563642258
9634094895
14091891461
8727890661
4475241052
12612047801
8423346016
2021256916
6276925939
6300591063
2968116470
7950620298
2153663324
8647916670
12995566965
5395148560
12167956010
8884679273
1138154809
2365111352
5745776907
8275853483
1446689131
14187769950
40622343
5950382954
13152700837
8545590025
5590420199
14110193588
5595355677
6754258951
3953019757
7982395500
4134404177
13570754853
8578697989
3227127580
9188384067
7249087986
10117927719
1959528166
12653282538
7209127189
6593353215
6657505829
3123696768
381474517
4029275116
6730734794
2201883505
7051287632
5938357946
14037577772
6787094226
14027537611
866996227
6716290260
4148470774
3409249055
336803687
4802109049
2400541375
354033557
3440457062
4091004224
2074344428
2042862349
13951623470
6268119285
1521714333
12842249851
7353885721
5328275666
2872234636
1489443804
2153085981
9724865133
5904871023
11612007161
13993699466
6416717963
3809748601
7547658960
3802049692
3973591187
6983405167
13783006497
10615797146
7600644471
5409845761
2243614944
5671785957
6107718930
3177778279
7278808743
7924728925
13625737019
4248983099
13997514791
2136475874
2160716164
2337601732
1913024911
13316186134
7482058342
5964894835
3449680356
7594403480
9131927007
7423394306
8524293394
9745912526
11450795884
3157945151
8748480681
7972791774
8338772310
9730748194
8035876030
13202094568
3509069437
1685105486
6850320921
8153881032
8166321993
9534523151
3600833384
10459509216
5535399925
12731265149
1633559331
12165246921
3437481149
3025559603
13789338835
8063125017
10825995632
2236228573
440687149
7547971479
11145068290
10571587045
7953952344
8483962320
7168702697
1206632817
781920204
13586322900
4669452171
5364725888
13333408329
28978183
8032925535
12260146545
8719079987
13705293084
5652018734
4750032724
7914702691
13599822904
2207483116
1626712513
4185056928
6015524079
7922311778
13766251591
2886337637
6977712582
5821650704
6321214445
3719576108
3055910675
3197551134
6968373326
818048669
2066886878
456265177
7465536020
13252446154
7008148109
1821375778
11296592116
8071917413
3505729606
12354374233
1655100860
6366092831
7338982784
1704540822
6767896907
5866516600
2310409350
8185731972
2324749036
1929401491
8653610433
8293126720
6938053172
5453665244
6518845447
11379012969
3441668457
3652714551
6859368911
1192424101
9220060747
2111420355
464116985
2125317706
7605189395
13556095764
4114359258
11797132544
5394256129
12911500452
209139596
10163460423
9859958314
11614963320
7294844201
2250399621
10095444809
12776313857
8497692742
11849329086
6246289400
3409205273
409055273
9497770791
2335541753
3568118888
10500231918
13744424611
7608639337
11686826383
1994185818
3189607840
5685771255
1945138495
2369483410
6061100935
10811284412
4621978207
11935303726
6608636641
3925660885
4763108537
491103341
7319388425
2301937758
1439956497
8058726207
5854228485
5479032160
6068487180
6852588809
5593090290
606623270
4109644455
4236559045
6312712870
4391751993
3929921146
9880202187
10006019768
11571434343
1500186874
1432764903
6139727446
7138568063
6761713800
4138896464
3169930427
4349726360
3444570143
6174010813
3695243347
7627388042
7315800246
7279334704
6928949521
4484513691
5960869240
7927043721
5592856123
387995113
9882822292
11431345113
8506427512
13556160204
6948583566
11844439936
4195254750
9949066186
8473000125
11413458201
13346147804
11370645370
6547930458
3545834103
6135635029
8997518706
11336481543
6895282516
6674315748
10610276763
10441164514
1013404933
6818499877
5702844656
40615921
5870365901
3290222794
5424324892
5378385668
5807111443
716542709
5681646888
3535677610
6790509881
5948479067
9135736428
3614978661
9476576949
1599905364
3245933078
8606467503
5779796787
13491593428
7651791681
13079190119
5805012933
8604073474
13259013489
13376169507
10728947568
13516240110
3070257229
6765347850
5736635349
1453764820
7169915026
13094781581
13087071257
2359792541
6429053604
8516410314
3531627854
4466393988
6925163783
6936152258
4487198852
4246746144
7011099864
4852720798
7082775974
12586916023
5546834461
6412490243
1097774550
1674452827
4841696419
5541116916
5901471876
1574575234
7088246303
10702048643
5782199350
9844387134
12632326062
12500352453
11163213149
7155465060
9000166854
5051531586
1977843969
12183884571
10915850323
6924274997
7716670133
7228742375
11215467053
13145819706
12665135738
6666990347
9970138615
7477806735
1088436497
13211529605
5851365797
5463791635
2461552050
9056012883
5367732756
8483738161
12135377059
7659616035
12896727965
10148116233
8445699832
12531002827
11282334776
9510077038
4851521184
12243946391
8914503353
4087058555
12266922066
7568697627
9981591803
11553196499
5628314886
7003421643
5704853858
11229397276
5487009421
11456170121
10166401415
4248752486
7748377223
8181534005
12875562811
6945214933
7452731445
4091015173
9458217782
8016669398
8573286586
9269639083
2892084154
8164358552
267759365
8713644057
8890022931
10956680170
6779723916
12597489049
11045311764
1549114504
8443685331
11229086779
5491494368
11206879413
12258059805
11338008012
12194735093
6246970338
10483399979
8443608614
8689474824
5540946469
8056490565
9272992248
4654804087
11849690228
5562680206
7160036234
7536617620
232520632
12584973654
12538669570
8569287259
12561088435
9380273094
10003130861
5726476370
10209061743
13008812800
8506180346
13256027669
1677829577
10134622
12607447415
1970614227
9394137375
9395250572
7052564080
8913013723
12521256476
6782606827
12673094264
7473795015
8141319954
12665570869
10238838259
7313167725
8514590412
4572989089
3964124084
7815098304
4400108597
11336827010
11321650847
13243713233
7556780552
10121267522
13060604496
6932400368
4814318084
4550566414
2212446982
285201989
4001712187
2076167943
7489151636
9203821843
8511636156
1567723906
3674372677
3278314835
300370492
2266599559
2236686674
12982065416
467042404
13070122516
225485051
2147643896
4593925703
383553023
1452551371
288711775
177612057
244561504
1660902097
6265985025
4574630625
1572149636
40422469
3402847777
7574648972
8020679072
7372781847
4296665695
4760833871
13028347819
12563565660
9720041292
8119475696
1274954835
6810569000
10198090421
11138196252
671749560
1917295752
10436806053
3972812920
12116696327
5800910225
5386771512
8378577061
7139700252
2209514410
9257954651
12596953033
12363826446
5558512940
10566381209
5998031670
1499053242
2365381780
483074468
7086472115
8548292757
7647380262
10705323102
7688884014
6018503548
7965250998
8448425860
283778271
10651742361
3919563270
7733918028
523159774
4625132505
4225540457
3591526135
9271037689
11353650349
8213351736
6253307231
6436863062
1744069978
1225697455
3627479239
9728280096
5892765420
6043326067
6186677774
4464425775
6214206835
10962877408
12795702181
8378682909
1108814565
3212412677
8745900746
2003052655
3014988922
8307906082
12304684903
6693405467
2889859512
9420921522
6793753916
8248641785
5395955147
7975047600
5067533303
3191119368
11537229821
8687670141
8545952191
11435854845
3584255514
5672093836
9215360373
4793566674
424549934
4181165883
2461495118
8913460053
6865908185
9309351544
7164702103
8108135593
11172132847
3635470252
12657864007
512640984
240656904
8369736910
10926856479
7792940609
8472894439
12113304140
12109418999
12315245916
11572065581
8354393070
4333950073
6790563971
2236686377
7101415952
8957469212
5325624182
11415866347
12761519153
2952978645
10908074150
1828324065
1079997229
2318682118
6990862272
12570512002
8203146371
7267573961
8686963745
7437536581
3671262410
6232966062
8492743670
9239922848
9314478903
4085597949
796474622
8087311450
12750517506
2312222748
1833358330
1972340180
1581482749
4523893858
1780726529
48037197
3937198719
12575059529
1481182354
336417042
4511776540
6054608267
5991170939
2955248782
6240989996
5904197272
3580235153
3077136218
4052330470
1549012979
1728965595
6816793989
3975107424
2299332956
686789501
7619634593
6900011383
2358945380
12369412729
11343785856
9668425891
12570968839
143902112
11828665937
7265916342
3451673613
8568367132
10893081558
5362092196
11197681057
8018434483
11899320115
1604682277
3517872999
2298363054
4256032670
7068777269
418030860
3997572921
1949763366
1818371276
6232284701
12422317151
2538020077
3161347268
11878672432
11353258671
6298676232
3977756911
8277576365
10868113635
5908380324
8613846576
9126820116
5575202050
3741275478
3186738610
6168075417
12741106474
12195072997
10495749746
9220586213
10850142917
5911069322
54503118
12061815732
8464141417
2020531095
11766254001
2034569947
3666580483
6332219323
12244754523
6107136711
11289328972
11913321742
11871062576
4228012994
12374583768
11643548503
6439573804
11922044158
9777326124
3232047843
8337066120
5850630700
220117464
6822551505
6757852872
11193643026
8764532337
10856483025
3209468094
3499215995
9778554925
7593576548
2910824117
8769915664
8621372509
2267885656
5909428503
10447340991
7571089828
9152809327
4822229365
1341084592
9147977391
263572911
336928264
4059272423
5860475076
12377344477
3222235156
8754223917
1303850802
398059352
2706940731
5339163824
4022688150
11077900115
7319637338
6961635562
6091846753
8660087104
9641141647
3898933103
983348726
1613877532
368486523
3162395788
5463345121
11318377312
8032676289
4935903806
6004492831
1659069403
4120279534
2966077142
6800665513
3522381493
2061426043
11667732667
5984173237
587085948
6286930615
3951822564
8162532400
4594546108
12096002367
9272419647
4273542344
8582835327
3586963596
11848138237
8079455935
6395327670
2054085997
4946330262
1401446961
4683540135
8075846692
234334896
5834026649
2086516905
12191277067
6451673564
818058888
9778005763
8937109960
7590245799
10394645123
2320307531
7330584630
11371064651
11924325047
8053654165
6040325684
4466146566
9241121397
9699157905
241217146
7280140283
200229939
6724686933
5551832782
11609603597
5480548937
11872376701
12266086964
7169508417
4915417211
10386407192
6711125552
6913546723
4732239219
7737970672
3594163183
3890847326
5618396408
11366355311
3464290438
7996230132
8315607081
7053570846
7922190708
1389824538
5747737941
8135643461
7182192555
6087038020
3978609643
4332571167
6684519026
7768392619
4796595708
8713847404
6872855295
7396210397
5406835003
7671459254
1365723483
6308927297
8060339546
1746034948
4574344671
7053288416
7019566028
7715670664
6088078045
5752588947
8684850934
7544701326
7472454046
1418225897
5694126134
7856558001
5639896819
460484310
4839439615
7822427716
9487986831
12162180372
6809700613
12309442317
12299922836
3015400953
9056141445
9018670082
1900634399
8902766223
12298089082
12241685512
8612610274
9015396380
6558502662
2315015527
735750313
6932959668
1935976428
8158852294
11783759010
11473722439
2960117931
7197084844
12292048677
9035469275
3411852971
2025446167
1929905125
3163895341
6725511991
8164596152
5525165241
3934379485
4776777159
8993015826
6927274731
6289219416
5644838702
1933827043
5960325841
5789485130
4090196150
8616953147
10109115894
5340402681
5643553547
6917172778
7370915620
6101897914
7213344968
9861471561
10643825622
7285756456
4578210678
7861405312
5920367469
11916335387
8939454325
11089619583
2205788114
9255204109
10956977941
4340435336
1399774055
11909183834
6835631392
6342193241
756496526
5557989788
5549576459
486132583
6306763113
6525365697
6380044338
6780627972
7300237758
6029845838
10091998222
5846598278
10903831591
10026272147
7915187861
10962361576
10570928580
3057667863
8437380080
10423777195
6476327257
908535382
5941677088
3273724939
6213849399
6008050323
6845180274
2258722233
2199075640
6161104923
8497159567
3820942439
1992481754
10326115580
12041892034
11585614973
5613959846
11081443129
9203908419
10125802589
8898407593
7046283658
8608402869
5989845676
6791877702
8033017087
7373977477
9983882009
342627946
4776975258
1129558778
7713357981
3117916069
11918740527
11909449631
8474360142
3979563116
2318210517
5916353063
11544677078
9550156298
3103490502
7211564964
11894373056
8491897096
6430491597
7169466105
8954172693
11565303097
5528716243
11799406953
11536384073
8629585256
8488485572
10987559528
5484879536
8903948117
6617216375
7014236092
11831283730
11553658960
10631519498
5669583679
11824711871
10483044921
11791074632
11332244029
10588345966
9939784446
7930948462
6452459695
4350117171
5634927302
4753824952
11903984057
11854161859
7556914738
5644283266
9361464875
645404617
8104517396
4643734200
8556207978
7338024355
11903552965
11680626905
4477459030
11131186676
8909548852
11853869829
7086846837
3028949575
11864724849
1987480759
11893019493
992133758
11456570381
8523386725
8443169069
8704904271
9756464029
3961672715
10613891443
8087033018
4072612138
7389705246
7074651991
6749853669
2752219754
9228193531
3538230372
5543925853
2940693811
8947460769
3014257708
7288960597
11855899867
1542400611
1570322366
9154096762
4036879756
4871188788
7632983906
9205192153
10340113860
9151951631
6464564682
1539358900
8716978550
3685992035
4512905557
6921831832
10130740983
5914770906
8986309106
6928631820
6005315663
2128048863
10805582005
3072157193
6697809632
4907845617
3181395728
1491876841
5904999106
11152443649
7108150176
10021226013
11654471413
7050891422
6011706908
7116543905
6912531593
10024470465
8276967016
6884394165
5627272054
8432412997
4757843016
3533380133
3543110226
283448167
10887140104
7981235085
11187488688
11843737558
8499921838
7687881718
10686831872
11783975130
11859913877
9854482291
7136274901
8202049170
1649965997
7433111521
1583107097
1943023362
324892838
10716343404
8032615939
2271423079
7414791249
11081622902
6818899569
5520870844
9225636934
6900505001
1932147725
5028812467
1487793038
6352016119
11601344618
4572756723
3925892223
8265798168
11462746747
11669208245
5955548457
3584674019
2321736844
5065396735
4333636360
202131196
11214463211
1537608498
8926156992
5498417587
7319480705
11690786288
6289543963
3953420717
7446093930
7874313839
2926927655
1189590981
2550350630
3088248635
3280227763
6679974292
7321499326
10446394075
1143665664
11176014302
11783380106
5358568669
6729421893
8720497908
5957562786
3289586236
563161006
11693506053
10644187648
892400874
1224599986
4582019840
7094484195
5608671587
10688857767
5697187795
8675677481
4364883423
11127235269
4404155314
8440248566
312812833
4248692968
211879733
6969038871
6761231607
8015060547
7112193499
7941127355
7929974262
6646846301
4002707398
2054105286
4233995744
2228411193
446230075
8512701467
9176602672
3881007414
4784444089
7877562766
10192812818
11801785459
6079906263
7405176687
11075833454
6518042093
10607869503
6221905619
5955655054
11621763492
315685648
4680251254
7547550360
11195283687
3934749411
9974659899
9458120585
7395858771
11541187116
11592629750
5694578000
11094643449
4457341693
4745886230
10132147074
3670240994
2519154285
11375698796
9001324685
8666614262
7057132874
9213745232
8712369053
9775640977
7524573278
7982836200
8338191782
11544888216
7889329908
9161628537
11085959928
11069840925
4362984629
8740286800
7797389493
11583572991
11459643528
5705280611
3485869679
4202280977
10910872101
7959246100
9710024660
11426551476
6193461673
7940390808
2270106006
7806992064
1285273076
4494542611
10832408036
6993060453
11429374443
11301495141
3011252857
10334298330
11586089429
11631353055
8756499044
4647539304
5744654532
8107388279
6912872384
11209039493
1111000639
11328417395
11520333779
11573794547
8914717311
8383406701
11106378289
11532170062
11445386707
8161359874
10821896875
3566782018
8649137491
281447120
10245085152
8453241723
3223773053
10274208411
6784319375
4628207148
9178267838
9192363446
6730996746
308448562
10092403854
8606754725
4362421517
283546015
8453545282
2218312179
6234554324
5831981952
7517866791
1313380590
9203578498
3252892361
2264409851
5809898559
6763656189
2921128479
223208072
3642418811
9196194365
8129899798
10184101050
9022132820
9176250223
10691353582
7284924407
11453122393
3312588337
5715574858
4230805544
8511655384
4328575662
11112720974
8126269503
7004827459
1550852020
10723223608
9195285696
4917870597
2132405137
2320806583
1505568724
7870117958
4760228419
7344689359
5607465863
9865931243
8974878737
7521016029
8630638635
9154842663
5546432037
3526977551
361121864
10855778370
8054977572
6850445171
6624773873
1836173990
8596564126
10838934908
4142235052
9774547066
5440114132
6633876496
5500021821
1590094847
1431751900
7870992427
10641893041
2989289616
4106457526
4268406398
10243929692
10000156269
6838024248
11333367960
6320597870
9289838237
450115254
9634279339
4617934463
11203695126
1707800723
7822258459
8315846321
7808264195
10638708995
1424223667
8118582328
6623336256
6324958598
5420653611
3015848582
5420086737
10647527889
9519096768
10274278820
10478451883
2253678130
2036159403
7270021255
6708374566
7199312948
7293484353
7231876481
396073248
6936924443
3196464334
7244964392
4061276631
7445132762
7310433214
3074547947
7097695952
1785647920
6045688435
7524458513
429750480
7110849090
8730630713
7715127190
7813974408
7592120103
8639940483
3305457882
7792610210
2260404553
9755624379
6422661064
11121692841
8768642420
11111149572
7450613088
10704890943
8641447349
830457078
1963955326
2981190366
4117216211
9027453531
6291851192
3708905067
4339801876
11153740898
8428782665
1630570144
2234703427
2358066588
1701577312
4324987170
5004045345
2264308854
2533907508
8694654827
11097790741
6137683515
10427956598
9690003573
3543948808
10602601034
11135306436
10158817148
9143263413
6674572520
4915325628
313557968
581352323
1582456504
2897166297
335866780
3657578260
1970496779
2125891031
8339250150
8965708115
5795030471
7830678616
4219992266
8519352906
4440701621
9239307257
4277817773
2355545292
5739642577
10854948835
7248739847
3256655976
4276934984
10754451057
5563152585
7620552230
6690567789
6915494979
4161778661
1515386335
7643097415
4766889991
2028315154
5704146199
11285100676
6911373039
545688746
8768720030
10980045079
8073249018
4375272381
4994573236
8312693909
4520575624
6694717035
9025335350
8431808664
10373382538
5323909217
9176058675
1201718894
7136730905
3526881620
5655215730
3914552176
2290815261
4708589950
3261260039
10139572782
8532118202
4028215948
8297204355
1661452835
2303223902
10629347039
10957287275
4336716416
384896064
8280661766
6682946241
5969092295
5708241014
2297063937
4787402542
10740644535
7601140308
5893626605
7933851907
10230790520
5418955833
6022058264
2207349339
4066398760
6637745647
4227427972
1688674178
214113125
7564837892
5969214551
3510503490
3917977740
8200666118
3725050758
10680471727
3041066104
1402947491
2256395484
7175623713
1520810782
2990936173
10323866383
7385104737
335308844
632996486
8292348821
6221163780
1147621523
7495012539
8880967694
3104039007
10843287408
7948234470
312978988
9147982832
1441189023
6947093380
5674970862
4153670125
2313011818
3956438590
1554950081
4866015495
8895564900
2194574617
5154799398
5313272973
5764370318
5462297084
7181253025
3891758962
1559865256
1825336397
2616505843
8445122662
6708715632
10865255606
7569369499
6142191631
4068964481
3974242368
7448618214
4533732012
4774124423
1466299364
2944498686
7033613962
1971817649
6239662581
5174317482
4163631649
3242299262
4755836560
975882091
5777476849
6655035965
996002762
5795355191
5331028150
34924188
5982390507
1499551203
6797852914
3083630270
208623564
33370632
4175888944
5577506040
5844935462
7141994390
5673908877
6788534977
200289104
368370442
6269463314
6772179349
3920484361
1436837954
2945907063
4187247465
6002984433
1046199668
5704716749
7099591518
4884944657
9181920984
6814131438
5707732790
5891079303
4100336805
9937733680
222903075
8556255189
6963002174
9037853464
8254701208
10749775048
10979435285
8897316863
7875456644
2193621498
5698519736
8399279405
3970176281
7353374000
6590962715
7093818203
10813345576
3246080854
7164160675
11120176696
5645239308
1475629427
8691749300
8037530317
6618458384
5526705220
10916675635
6236687960
8543804151
7391010011
1509352800
5564710824
4312191870
6963496321
7205091007
7304276045
2309078113
7230195800
296323986
5790234197
10941992250
6839757954
8394499958
5362529333
1719710061
1418656022
6342912707
7725668698
7873898558
4050191761
6290057574
5462144361
1556144171
7554553935
6167073135
6996875985
1531724117
7816245907
5979246912
8374093183
3887492092
6894895076
7855853113
6762612276
10817344117
5877589743
4077553150
6627130677
8550240737
10467236771
11041986189
5944669245
10409536546
2869228779
7269222739
8777956757
7277135060
5332558658
10432702145
7624405269
4465731033
6282454320
10632665389
8273829375
4751258677
6795397610
9026613708
5853637899
8675784935
9292671665
4710290130
8744055113
4848498556
8445317645
8561423290
10677649406
8241294125
9863762100
6893172862
6845393159
10034062677
11060203084
2695460220
7327353164
8431722330
8330033928
9177040093
383065706
10365956055
10863423623
9531125055
8905901654
7026442561
4252420260
10702166043
1295642449
9543889909
8956172440
6878796710
468256128
284171785
1352478219
8568649780
7068114227
6286804289
5379385895
4263457521
7417828541
8986478176
8406412491
8915709003
7721478521
8631182190
8884876144
4198670018
10944408273
8370824839
282932418
7246210508
5655728020
3900399266
10724249201
9071037245
9780099192
9645778208
8655045770
9156900465
8215530892
8379310170
10877827546
8892943421
5767351378
8578162657
2358737130
1583869646
6900652833
3602252370
5884763642
454972742
1785107137
2944364328
8132665812
3487917981
4918718681
5866899036
504573851
5905009917
1412843612
4218567462
3630323312
5371586005
4026780385
3520875281
4472498124
2871469331
5704626819
5918196112
1512396036
8954246953
3648246138
9205070397
1112306663
10458544926
7229206735
6750941046
7589056940
9541778262
9484938422
10021214856
6782204139
6283195669
10596845087
7810927082
4533403997
10469162428
4543369067
6207504357
9720462111
4671262574
7974446367
7837850142
6841168178
9730754155
6003599124
10697646822
9312618836
8638759552
3557893214
2163973826
2915941222
8741957838
7623450114
10725145054
9365674140
7482530188
8676356342
8768930480
3011212373
8584525175
9306401828
8681253624
8785456877
2165677476
4842282618
5690157384
3431177639
8230382940
9130637898
5887956137
8407666078
7042557898
9137994881
5924576839
7628661424
9451155806
4217399053
10612437093
10366582698
5911296108
8198173360
10157694578
10084377633
10456510765
8791583883
5850112851
4640386272
7368906198
9034684964
8104274159
10149224955
6815856482
7920355716
10418245432
6571767594
8627087380
8245886108
10811744036
7920032750
9062095495
10671019069
8289747231
10013843918
9944015396
2865967881
9690803321
8087516867
10630491090
8019422000
6905033274
10648455101
10483655412
9547954353
10175654444
8550734911
2972239862
1723745716
25015857
9520890852
9612142063
10120300648
6890540875
5399205330
4780183261
1962238809
5370489005
1563303033
9947671431
6057680113
8622599760
1929958218
2301982738
6269582067
6010227561
8616575713
6313132083
9682222951
5677648688
9643086101
10192785488
10493670330
5531309304
5982312084
6274487157
2352539277
2059918434
8123480873
9219482898
4984511283
6797255363
10420325724
4626839314
10632403803
4665418494
8662353233
8966838759
5993573445
8498910054
8734224025
8428436045
6360633133
2801791567
8142472571
5580536957
10509391190
6656450030
6264531142
357617522
4169661463
7532501569
3034169560
10599374115
2995268195
8711419670
9965166544
6945458287
8578363188
9678518460
5991373469
3050208317
10628533459
6006337901
4783761821
4871031203
5721761557
8653258819
4830013317
6678259050
9051559061
6158329792
3873224403
6708971144
5837266052
4067253139
4514408345
10002977383
9041894682
8179247236
2348603381
10212738346
6631570831
9037996659
8675756065
9009237951
7546808314
8389222474
6138797485
7056285347
4476191649
10188223256
331724071
9974352527
8488436434
6627843429
9668307826
3761598136
6111545697
3594597123
3124778541
965457105
6858815450
8911189982
5391199099
8734510629
8922822505
3587687322
10450677615
6173453488
5725180524
10489444015
6240942339
8650412628
10804961550
5688718284
3471430932
8900942964
327665258
4634227478
8665194283
7141407088
2288699358
10451317894
6808891986
3658248181
8320782795
8332230245
9041701263
5421999368
3521607169
6867359936
9613348555
6084197138
10485998130
5661861916
10467503353
8160305566
10209937156
8481345025
1506082197
10618009052
6058882167
10022944169
7266041960
8498938286
9480733289
10637530291
10583847034
7285294955
5334732261
1583843714
1433638771
7395726994
9243404827
7736607251
10367898582
2238494580
6319693374
4562255604
8313280580
7557102069
2246080504
5782625721
9304202954
8510154223
5320156450
1463756119
5826696087
7898897577
8987590183
10137161465
526842483
8918198470
9985198270
8002800836
3581445341
5930653297
6824233204
1599252219
9454753734
336849586
10273038661
6040922739
7344577658
6271606577
3997740207
4132445392
816894254
2059802903
502358235
2897240625
1349966556
4780895344
3162512174
10384165249
10338497865
8007283337
6192695780
9515345130
6252744944
8434342048
9684184504
1549746822
6964357274
6183092208
4540274789
7643378149
8488456883
9200860776
7064370288
3602760720
6087763794
1738986262
5531924234
7278490582
301183271
5553051364
1290033934
8578588375
6926818464
8577070122
1711334489
5980851184
4058100837
3119836980
6927996676
4255918659
6195261560
2311463623
2562548090
8276017392
6795022616
6167816488
8293035848
5701405850
4209325160
5432296331
8486854865
2102537737
6744233290
8528916939
6876647183
345259425
2710047582
6085767124
6716779569
3063166985
3205335367
5823311096
415665331
7032271293
7271109734
7479020624
51053533
7384556609
8779045226
10186482876
9854086243
2277663937
4484712264
7582246702
7080038456
4691866368
8246096388
2076215112
9501160764
6927403812
1699172194
8983694155
8600456500
6275590325
9408311342
7878470272
7186509155
7870526499
10626168547
9421572614
9869224392
4359120550
7645883588
8917645881
3040885931
6134373787
6372530171
6796034017
5378320513
4214067451
1464092000
7186978586
8168669196
7885018967
7532230442
2234874256
5660768538
8575636426
7214955577
10406524483
4134405624
9918263065
10439347965
2690658501
4029546064
8676296321
8483179066
477535381
9690440793
3934575857
9046830407
1962479963
9037501947
10425324656
7857139093
9148320935
9501671555
8566185848
9140556887
6064686263
9615617477
8735745906
7065051302
7834620532
7144814240
10410316651
8605885661
3040609219
9885176963
5864330734
9647421927
5677781162
7031941496
7285910490
7808736743
295774746
8956983061
6137683052
6705775079
9180511452
9923290677
8704495945
6553337289
4039987059
6682504418
8932742168
9675780463
9485729768
9270985149
7124846427
9669246113
8252521048
10355872945
9701979176
8729750405
7414438887
7899605936
3884974902
6414643318
7588015520
8735037169
9655389337
1953293761
7554572674
9692611475
7682348989
9532107493
6554784370
9541548284
7685881400
6336714900
7159544234
8082358798
6443954384
9853632344
5898312705
7628695640
1593491384
9483026016
8005496944
10002089445
10404139186
5348954033
5915151624
5980207102
6360426823
9383358605
6311481991
5520735435
9482260078
8134182287
7527264342
3805404215
10122326988
8589901079
8710907743
9046583467
9466496013
8082058532
9305312408
7284966682
5511664919
9965396595
8090675174
6761392626
5351865498
7340052757
9390201828
7513802215
1008327137
5925617311
9967295119
10568272319
10429425819
8717649867
10413452482
348102932
8045450024
6307920655
5454772389
7230813054
2693313176
10165515370
6806284030
7729115668
10233324802
6214848121
8094599401
4660774903
10222325397
10214734709
6036950036
8473798575
10204142354
9791545765
8369732429
10358188297
10140376672
7554570147
9971372210
6030876565
9491084063
10191206289
8005105821
8499135218
1606729162
5491372756
9436823048
10375248393
4350087989
6142653205
9268684911
6774853519
361491306
8559335610
10166205380
5732363178
6857152236
2303501778
8081071840
9186068246
3672656782
4158761594
1576091051
8020189036
6106865583
4101610337
6647250031
5395517089
3521650240
1998343927
7002650891
4169413873
9144692300
10220770922
9293928044
6958769023
3593527081
3145111989
8596498994
5396932195
1093192811
8949447071
10094022323
4204527691
6987535734
9259195465
8017152802
4345140431
8037147410
8597927276
3525106254
5519321195
6655677217
7496581346
5852539624
10149061577
9925023364
6289096069
4784821489
6037073242
7217838474
1812557500
9500431014
9474960703
4486308694
10033240416
1967964869
9715146347
8978055376
7919227482
10242392030
10354728873
2300194642
8259771089
2024078460
10114365385
9516004552
4837672826
3974360504
5536925138
8288529987
3099962063
5770045853
4129099581
10160149086
9681819170
925779007
4518311929
8893694745
9649902331
7571505954
10098245854
6978038506
8537151912
3077835730
9229979654
7018871363
8064299682
9147214895
3064312579
8756770448
8949468779
2349187437
8320162574
8539087538
8227977247
3998037279
464163703
9360634402
1682931807
2079443570
7325582716
5898154329
1558914687
7201214765
8611502612
1984290049
6506727686
3578516627
4072821955
4179815486
9183057649
9956725299
10115005614
1768871808
7751582344
7605563491
8776409399
8441292660
6878451947
9237530783
8731859776
8999878709
7888334160
7824677887
5381880300
5378399354
8559159662
1509655171
6353093249
1809085686
4478613138
5341979402
4504897361
1977145031
8036944711
9697461026
4322721855
8376192632
3683878378
3090455179
7068866329
3563147008
6200480079
1690882439
1554530995
4085887396
5581013630
5945144876
7557948863
6962912775
6116401218
2136838358
8002010226
4535895070
3051157352
5496667450
9031052526
2204302332
7566297760
1934379395
5943726730
8623736709
9709615017
7903661353
7178717107
6599052351
7910911827
9130613034
5950941952
7939435205
8996997009
6024544111
9222940037
8541643124
7290291838
9663086116
5330440726
1521035479
6763478439
6333249099
965020335
7541005509
9978348594
3435322726
9290020399
4537111637
8215411691
6901419513
6899621638
3958585054
346152229
9970546450
9046207857
10101250974
9392274345
3272215633
8470162964
5587295848
7276801228
6005481870
8056834811
8206221685
7291243027
9951236422
4859503489
8406709087
6268742523
9971306958
3484435502
4367958782
6080002584
9862982765
8132728729
6668754712
3131992274
8960470322
7588946609
2252627075
8901918015
6025607494
1659349937
6937549264
7131597209
4090918984
3243569573
7027008605
6977405681
1486080347
1546739894
3903627554
7003357035
9992248654
793007534
6356430508
1665933291
3516836028
4545355263
1366602107
9382450418
514737902
1387359446
3060093149
2312476485
2240088748
1501579301
5344672847
6206259145
6416743398
1416986795
6072433822
4276141752
4537804598
6390039995
5445452122
5925322389
7816209475
3462760175
10479213
1641230900
5782274282
6308432710
4089849744
5590630383
7439089369
8570982038
4186130345
4790242230
8540252203
2221696214
5787651240
5493075583
2089485752
5655334857
6358252267
8962924043
1596631469
7264593904
3522902441
7114738733
9418840239
7940423063
4924809675
8269227040
6978930986
5401728058
6362653186
7352877084
6039123966
6980499023
5838873213
1810063032
6542899084
5691088240
7495668044
4831466803
7244974977
4533561559
1511985685
9468835865
1565719602
3068840291
6812685206
9887916493
6776265249
1794882916
5562361651
6911951045
5559104286
8283639322
4607551949
8224898701
9122364780
3242619620
4311071883
8510026869
2243306377
6211904269
5532069020
7120662000
8931286806
6519955760
9153223419
8182955085
2953002653
7916251847
3595062513
6806073154
3230905323
1080372410
7916099439
424535318
1740230122
4203882989
4841669730
5479821679
4027213438
9693727137
4051497051
5854897789
7562609425
6934087045
5929897980
1547838706
2190964089
8311627807
1384773910
1542912060
5956785618
3876627674
3524780662
1538411928
489192348
5796326689
1389474871
7531558111
6505400821
36003134
4303196417
5050329139
8211272422
4365757915
5933992836
3951665940
8689340619
4186925705
4573399186
3549331638
9634732572
4038924382
4286926007
6224697062
8330339287
7271959271
9750812938
9645734991
7275966133
2110834561
8676420960
5428182654
4232374026
1659132915
9287726075
4526534944
7182819347
6060305549
2524620964
5485111924
1459039968
2470242483
8561739862
2880980848
6033251592
651527383
186072191
5570616379
3447923508
8513474097
8706148085
6870520367
4474486129
9913488760
3030702070
5529194975
9900689202
6825134390
4829525864
7432136300
8014930117
5540827284
5148680227
7305293703
1335851031
3624615299
9707036477
4088088317
3114138697
5440108096
5318707998
9055181571
9461956227
4744619321
5836251569
7523380419
2332400859
2233624876
2353927660
1647784384
8671644922
9749273620
5624452916
9471921638
9759896367
7943060023
9208009811
26944212
1916846334
5807276840
2264490564
7925976772
8928405795
7748732720
3969225577
6946050824
7027056734
6828172004
9872104531
5516024344
9185017015
4092450897
4234776596
9548857961
4188830470
5630271809
5507054909
8540767715
8195581342
6665422174
405233432
6372972248
9538846421
8561248932
9470908278
9457939817
9237381631
5524704058
4559344904
1538927757
1467519229
6394484868
1718982469
6458459592
6608514708
3070628077
2277727662
2909276875
4696151742
3993389671
2948260656
6161142877
4311613131
742220336
4288640629
6736333202
7863705066
5547467364
1466267224
6726208794
5552101626
3147329921
3076080290
3290262149
4850908601
6118997260
3508887997
3505648668
2479910337
4643971911
4766355035
6758896002
1180269387
6629655208
1063157626
4028744061
3530398159
9263975125
1497207521
8396707269
6856491827
9630747647
9524789231
7631431697
9181654458
5030293045
7338109342
6961836832
9244952487
6176786912
7740502820
4208488028
4185901558
7698264396
5990852487
4330380017
7937184031
1638299575
3266380356
5425325316
4580798240
5390803709
1458944815
5495793386
7097029701
6171019462
6186573880
4658538926
5862103968
1425703925
1973795378
5691222904
9120430429
314807473
7210979817
5324735065
6971554291
2211466016
8703351191
6809541769
7315620013
3059879413
9608069377
4031754011
6095490562
3579189480
5994412506
4538611382
4808227881
9509354739
3533898130
9288907280
7383951411
5415649185
1999009946
2104563502
7181854998
7945538468
7936410712
7571967571
7896532546
2027243233
5364331427
7365859814
7622218171
9540114389
7913438108
7411082808
5007040136
3040443287
2213809166
3562830546
8188171046
7311115146
7605486696
9603302782
7440035935
3469961633
6242895079
6267815854
9182884177
5375218792
2713957413
5888405450
7858096158
9296444260
4644051241
3882468854
6661021221
5601445243
3969324908
7826518251
3730849309
9170216567
4846797020
2266527366
8891764293
8768337871
6522600057
6533253088
4644197836
8005616869
4072416105
6421457727
8526571063
5715927934
5665289694
8481787922
7696912933
8918526326
4789135796
4153812873
4980026810
2194657822
6737358765
8495117782
4559873527
9044212219
8469270659
1583893308
8511132491
7604426987
8038336202
5881693001
4787304147
7855100577
7208257471
1721648400
6828040404
5488578119
7923252573
5608265497
7424195631
5671809693
9014468465
8682402843
9267054538
3471192038
2057913513
3124794560
8955663362
419289889
8377311026
1991147786
9248285697
7518759391
9225953818
7031388276
9414668056
4262643456
9466355937
2019055830
5819678581
9476596792
6422245160
1117869604
738174388
5968615574
2325165214
144108182
7072178550
7766991387
4116945088
2239429038
7831927621
40780529
5913761572
8013107863
4515212037
6973520329
8697768685
8074242570
6824908559
1439317388
6689649232
8157588082
9139385161
4647854702
3674435482
3286430796
9603595567
4464783260
9393953333
8653397603
704530396
8962654642
8062239264
7872753405
9128257984
9624314406
9158003955
9656272339
9065669481
9484563601
9507769148
8975036556
3578248604
4550534054
9274175247
9512129497
9246015286
7688136121
7884872071
9302262498
5718040802
9242732660
3640130513
6676973493
8791579695
1395137900
7139948464
7131316626
2059763199
8151178720
3492437249
5803791005
5710867680
6998391670
4523561795
961262357
5903554718
5343105584
5561106898
4272240233
9307397246
1523277570
7673959794
12513112
7930959396
9140450561
8985812350
9039940577
6493396111
7554348030
9256173361
4892164544
6832212545
6685400413
9234056588
6737739773
8679677742
5384726806
7349985413
8280996701
6790890572
9302848861
8145687332
9374791490
4391744403
7897943915
6225654205
7631903164
8459664742
9433205896
7036558412
9482626043
9472554475
9376967176
6347038374
5972852746
4398330538
5787467621
9177748856
4769621809
4631352097
313192573
8586470305
5880306806
9242709657
9133247068
9240663028
8681460743
276220193
5809334559
9280141347
5977408754
9223311959
7162316102
6683786890
6258266103
6571483955
8491410737
9147067154
7874279032
21178771
646804158
8910902809
8406005357
9243906019
5927953276
4221944847
6988405459
3146745810
7159413801
7151804461
6218418636
7495061648
5443750461
1603143236
6260109750
1823229975
4425148033
647068197
4547549927
7885752907
6116954773
7058824089
9376403693
4460545740
6825053248
5119403064
5007082370
1219459893
6070297505
436591339
3941181359
4175261991
9369323791
9132910569
9390330207
4160090298
6843721425
8679161914
4609787501
8587782777
9154063896
9136271929
5723002750
6026506590
8575706375
8130045586
4074376548
5836641889
8170339753
3651315845
4078623377
7552949218
6044447680
4232252569
6279350550
8907174653
8909149327
5389143778
6221652459
8781779038
8393500382
5792148495
9222536302
10184273
2314851978
3681447525
7189297850
7920350682
2312821706
7942809334
8600604513
4475307324
6105842062
6000482308
8073676649
4047605343
2120215401
3187830039
5672199188
8322038697
6998846999
8959829389
4860949328
8478833180
6229827306
3428254361
8443017784
8234196947
9377769282
7259305838
1342654139
5790985677
3421060554
7309944842
9246610187
7813822004
6012340853
8782936376
9181115704
8745989953
6233523126
9136251607
1592305242
8942343915
9368569358
9164853839
1933216954
4720168058
9056079038
8780350075
9366288807
9242659553
9236984339
9129351648
8004600273
9262963021
9125039149
8556455963
9232635414
9033838453
8990829594
9026647045
9132719475
9141489260
7366842561
9374960631
9373184610
8940206183
9296000559
1740852527
9058743099
8987629316
9158753781
9275752487
8434689965
9197453044
9183435427
9120061539
8677351205
9231667678
8457718643
9372752524
8320909812
8983461417
8449627556
8949543632
1491917811
2530344769
9251824734
199696737
8895222739
6846449918
6317515300
7521831792
6928330846
5636698347
1519657770
7770243417
8990941991
3198380878
5393333732
6873730941
5507646683
5421130846
1721882800
8470989941
6973623280
2249739694
8327943136
3214685864
9253489969
7887328050
7866010012
1020581927
9136876403
3643147051
4103900326
4660457101
7849357814
2247295051
4014284264
6089000120
1434071664
6256615416
2258014009
1737826028
5644537137
1495650433
8566777838
2209521260
4697715428
7236019208
8602587705
6114643438
6857831888
4880933022
7361264317
8493477101
9161524549
6916603185
5552597064
7516239641
3271034680
234810938
5814208738
3594038195
4313628043
8642226622
8754204267
3099014999
8946359427
8409109960
9184475188
9204841951
4012154120
6761503368
4151357543
8729752675
3666932290
9187274220
8646914730
7700412191
5842150480
6645890402
1778945072
6356793666
4962391230
9203290233
1571886379
9187154584
9140284683
1501857586
9236928323
5723555094
9037333151
4711971783
2345593099
7122516366
8452970101
4145505540
8415634479
2056888206
8747916679
4464629975
7592624785
5584798264
5519000248
3196408756
8561125331
7169420543
4474431028
6490781749
5857730835
3040966856
3007901911
4071089004
6282803032
6705312441
2310578426
2097602607
4270237918
3953359088
8169218562
4477225040
2218721072
4134781373
4456278744
9039236257
8403164328
4991665384
8133282020
5583117424
3468483523
3301589871
8969782258
6810166111
1570857547
3107457317
2209440401
5774217680
9193705494
6918928199
4483231547
1976738260
4197226078
7630354075
8784415597
5634544250
4210627245
4002154506
9179858550
2209469608
1476299997
7395977653
1432915826
5365779513
3505267177
2065103521
771387344
6047906269
4745773125
8634759284
8027498635
7002769905
1557012584
3904777787
2540668114
8592049680
5437640668
563300682
8022738900
384161075
3972364214
7155595615
7238105429
6013849232
8541151477
6823668682
5527175197
2906658970
5903129402
6430112431
7143127237
511537857
6844913257
6827934185
7505617052
2282601551
6418867772
3978867332
8497074705
4777003737
6463480108
3017921553
6392188267
8026111747
3185544042
2247754270
5615879216
281397225
7114451136
8895751226
8069487007
6066147017
7058437621
5430085425
7116651527
1767105060
3027473602
7621194150
6860395788
6108477994
5487585263
8033692390
7117406966
7923168278
6089466960
5656263691
2321156650
365608489
3617873775
6865280164
2537977573
2541508736
3993108611
347531033
8488991062
7151332421
5910898152
4255598371
1977531080
3685259974
1574831422
7721377805
8952454948
4058461988
8774494058
4790210919
2010866662
6532439440
8903502389
8401235080
5868165694
6086543734
3543452292
7102748097
1776431354
4281451135
3982755931
8440113147
4033092238
7237642602
6922212186
7704024439
4153727873
4018678152
809639571
7331157066
7042310415
3227096865
3596102235
8693081371
8144548217
4260872374
9177416624
5372190229
8721295078
1981095500
5886051613
8604370008
8886500671
1514934180
2717429334
9176320097
8419874272
8521367089
8002233761
8657997902
7775398555
9173176617
7121612078
8885581440
6671380104
4625021841
8717747277
6792602104
7757114610
8924471333
6014194486
8373245962
6672669765
1501846570
2341428891
5882771610
1319911454
4768696258
5609321165
3868458327
578918353
3649026458
7971432091
8908799359
9162264543
8691246121
8520926881
5672568636
1277579486
7278676309
8683242372
8891198259
8137034512
7211636122
5875008036
256725366
8576041766
7202583405
7230806176
6857330902
6925210198
7598960786
7550616684
8752152352
6776444359
5646274249
8793055445
1779119647
2461678567
7115846598
3546625569
6436025516
3324166660
8363559498
4189800599
9012926184
5447647640
1544802182
7872860921
5375691374
7305185162
8052653318
5785474347
767092841
4708217623
1314939408
3243159556
1049415998
7231878572
3987591260
8717455682
4385972043
3588792333
354939074
2992533918
4013809388
3077620204
4544955942
3933876049
4725862608
5327984632
8181935075
4113771631
5773004184
7998173151
462817364
3528119571
8442332245
6271457899
4530205141
6810842840
4653201115
5892848966
7322722774
8312675466
6888712785
4226634153
6981400664
4248090030
1642572385
7523381547
5772324910
3645105982
5473424119
4619882721
5843829681
8180867482
7486837993
4175027550
6668122964
8635842784
8065805623
309113545
8687265047
8487931235
7039699694
8982828881
8787425522
9040909363
7033587985
1667397402
4457954160
4742429570
8183177083
5555289059
8699761375
6258037123
6896343139
3869480050
8376804507
7328015704
8709797919
8694387640
8775792556
7135071312
8469421247
6088547941
8061729833
2708467155
4297174026
8580907334
2788044339
8750184484
5910123846
6317038165
7141215088
3982019375
7987270705
8744254970
6073207097
6728969762
8554252356
8623894383
4145184961
8007284482
7152594990
8570068454
9010229496
1681054694
5012119558
8908702861
8264391146
8584653857
7281532313
3291849458
7922212959
7994703724
8059659442
8751903511
8766525984
4582738627
8931918227
6927470111
4464888261
6358445218
4526123781
743850104
8960205515
8741626629
8752548071
7418727850
6906161393
7182959599
5834240963
8687425598
8745589684
8646584649
280498258
8754424770
8929590810
8880932779
8741980474
3567547063
9050029154
8074814817
8748071466
8560531688
8956540153
7381227138
8621556942
8581418854
5786287185
8127015174
9054733495
9040621500
5360731906
8991533939
8748093032
1161802951
8980381861
8743914441
6968941699
8690897841
8907150361
8933237973
8985510100
8742734924
8984942138
8745669316
7921781421
8041509995
8980782147
8492718564
8744866962
8563364200
8744169363
8696232892
8532684663
8749982346
8885598022
8623565415
5537918530
8978797888
8573839465
983722309
8750167946
1655515389
8922542479
8664557098
7965268909
8738632486
9007773025
8654728621
8429731415
8915726411
8738773884
7263219576
8731395498
8919470572
8548270533
4914114014
8734917594
8921998610
8928284784
9012869713
8754000928
7974384148
5466913742
8983333716
6539524391
8895142967
8074253446
8985653999
8920846536
8729300668
8555443664
8707571958
8917998870
8611076967
8987870157
6756203204
8750808289
8542703272
8646205211
8579741230
1043908247
5678968486
4076311010
7205269105
8891828997
4251448697
9008533639
8702135338
8013324023
8269594191
8048140191
8688307845
6913639704
8897613651
349143480
5734155734
5452382076
8537598824
7379137401
8289584859
8100959296
8129237817
7999815558
5823714426
8723777579
8514061467
8882886418
8659789433
8965294173
8045257610
8732229235
8734426038
8729053834
8422416652
8491904610
8736840712
7123986339
5067806361
8738224791
8666286013
8731829503
1726741625
7810276903
8635747975
8964342143
1743528332
8736216568
8737213550
1954984896
8910389070
8733663105
7246998333
7561849173
8716992536
8897358902
7450312843
8736309039
3423002381
8957805973
8613949100
8546537887
8993565711
8671475578
8899502219
8706215300
9025053533
8093442483
8736472009
285511829
8429255847
2418113691
9011268022
7715649687
7686973417
8040208584
3818543404
8268448894
7565934835
4831161180
8708253556
4944431009
7692638813
3974586821
8698579181
5475179824
8009448940
7946170168
8589216700
3196282283
8606468538
4334784660
8717947765
5315553477
8660719356
3548684300
7102541714
8219828559
8564644630
8706680067
5519861021
5763759051
9034364471
8581146954
9060980608
4179881770
8625357502
8722229021
9036212921
9065708435
3171339026
8638665892
4847279403
8724460835
5759655824
8368274477
7341017065
8651067850
8722870999
8722069833
8492392791
8012801940
8435606345
8643640130
8559824516
7578266153
8459209865
8279032435
8670524253
9059021006
8617192538
8637569699
8638904289
8701618992
8504373897
7765846146
8952733620
8710216575
8564049707
9058068669
9015284753
8710060086
1641600722
7827433623
550647539
5506361593
7213559757
2060465503
7945458761
1661775407
8566373109
8609587996
4796283442
8711019602
8715243873
8715411277
5399912230
6243363373
8709590526
3699530646
8496535981
7148042492
8638366645
8317509583
3227351658
7453869860
6675517541
4347239261
8980876496
3740943016
6797973304
7363995986
7553842647
9009252556
7691326302
4636381439
4038995669
8629037900
8339242882
8925613523
5854997252
8661284641
7638929146
9009644492
8589591922
8912365120
8442547076
5352910462
6924987531
8572391736
8163144321
9052388046
3530586870
5421696066
6445816849
8660295687
6983951018
8890277378
4257064786
6830484957
5463747738
7921136367
6907296449
8988597101
9045252783
1560651910
8494574334
8679077810
8654702052
4673086198
9025796813
5547350765
8371314142
8525519597
3046784326
8609146317
7755798381
2059224379
2265444989
8659907158
6002027505
4204200636
4793369897
8391849297
8661102122
6899674926
8629351917
8678027936
8007938463
1468863150
8182587778
8573075802
7428792803
8557272746
8660461158
8660606259
8502087340
8443174467
8534501406
7099424535
1314066111
8510756760
8180777141
8282942176
8950748429
8662521229
8910101518
1664157709
8505991399
8999900137
8569616831
4703874941
7305439195
5803539139
8661817690
8661329878
1453104954
8661805044
8650064128
8978708199
2283653286
9036756942
8882068305
9025268682
8317154618
9014692974
8660373853
8227336534
8538265579
8610818648
9045236280
2259316494
8661064395
7921510581
6995539437
8658608467
8658004286
8662515730
9067108205
285635923
7799070118
7919462723
8647838845
8951652564
7644809138
8660650746
8666889151
8479635738
9043652905
8662928502
8243954425
8518758012
8104811493
6887426703
7847191257
8534533386
9069892301
7191518027
8659139775
7766670200
8631505796
8663051891
8996548803
8893773446
8615753590
8660784661
8981509231
8897301485
8636892591
8551753580
8666847061
8490560881
8210275324
8660332972
4429492070
6040257583
8599688235
5531203558
4188687496
7022282374
3237560134
8644458628
7898674717
6573020262
8610668039
6248712066
8931197030
4923126789
7607637287
8156502423
8078068726
8563907318
3998786985
615436349
5800751610
6778816582
2520908119
8546960011
4625589631
8643314062
6013662773
8613130978
9014596123
3194317474
8054784436
8629696368
6883927198
8947948056
8639305306
4042964940
8638289575
3279336836
4078519705
8637823770
2957451052
8508752867
8637258318
8593225284
8644690864
7041080620
8635042904
7906433962
8323180142
8399961001
8189672771
8637489334
8266721518
2160981015
8995260811
8010237474
8469953087
6868240731
8574162089
2106887849
8568380493
8637871960
8593093422
7329888143
5385472577
8997908804
5586514465
8607862028
8586234816
8517945604
8927565161
5656883136
1239519639
8638621201
7122843342
7811957522
4633659764
8636663217
8636874514
8418836008
2024077545
9015204234
8623514228
5440130679
8249608112
8581492200
8596152644
8643216906
7611967867
8638634112
8640435092
8638866964
8604207074
8967500252
8931901071
5390763785
8640363609
9019316240
8604975569
8608378081
8638868692
8932941292
8636539790
8596036165
9027636200
8636914093
4036752709
3515337130
7307903859
8365033464
8498714730
3570508145
1930559566
7959180331
8465749051
8476482022
3749617170
8599799679
8513506177
3252375070
5673721362
6231814830
8434180757
8595029833
616521626
8561741177
8529258089
7081985193
1399148393
8311728352
2936944441
1821982508
8911157103
3766073441
8626170625
5559610919
7623491816
7779402880
3310582639
5714513185
8102107786
8413237111
8508198906
8911597230
8626710682
8624455465
8626474919
8942084372
8619137172
8626769138
3583625751
6111970638
8994844057
8580900790
8625080866
229834479
6527060636
8627779051
7583974554
8575841774
8624951746
5730478694
8213915745
7934479247
8612872719
8608706851
8562465153
4075003640
8581080355
8477128727
8608457096
8582755734
8993404073
8174855061
3318142649
8525760334
7218852075
4102337604
8889333047
7180107191
6169725572
1474351363
7959692412
8600200549
8122058589
7171613546
5567545353
8068566804
8587393158
8099477295
6800963287
8599888156
8142314757
2048588232
8613136380
8487410404
8576178375
8179715467
8603562949
8025165938
8388355874
7209953087
7991662448
1397074581
4015044277
7899414905
7536617133
8597103877
890094467
6799946738
8566230114
8603853828
8519681397
7781415597
8457914624
7540114386
6809574773
8606990783
2124426031
8505278788
5961701968
6806181589
8503900965
7322730332
8560416506
8510822323
5851818679
1590619650
6833779133
4371028599
6916875881
4218750957
4046848869
8467329030
4442408386
7439630038
8127131902
8488263065
8602797716
7617005500
2898994859
8427918993
5860314728
1292632658
6693638676
4291947590
8169202539
8884373223
7706163607
4218937588
7292101906
8601202411
8561438982
4567738565
3591490712
8060421856
1312971661
8492993696
3043224493
8592806034
5500407261
8568759499
1668123438
6004445717
8590753393
6229523271
8135029126
2117261903
1820078766
1555553238
5926510333
5446060373
4783460827
7940667350
8585128365
8098527198
355328861
8581992140
7019181238
6120818865
4091614393
3246871307
8583683045
8581945945
2893213287
2866635977
5434168227
313159358
5732471340
386058826
8074063763
6112186246
4442189023
1904609648
4058636388
8168779233
2329894586
8425640489
5511838392
8564093980
8140979249
4302156934
8172289079
8573247379
5904107053
8567622941
1252075202
7339567620
7384520475
4235600452
8566911282
8445322107
2149388086
8377767072
8165124984
2062214618
7753786200
8456983815
3529195948
8513642595
8560000279
8559955123
8559708152
3966536098
7817251413
8437453103
5986731411
3886647986
8001820566
7210250459
1694335407
6472768655
8302942575
361867120
8413341554
7049751408
7604747628
8535803317
8073137843
5470721914
4993756939
8047672566
8481657040
5908314290
8490579071
7629926021
7004633923
6187641047
8431772266
7355233400
8135328307
8917052442
7662567758
8400419323
8444059156
6797461913
8475851122
8279999584
8261937819
8533243709
5983420196
8178509159
4277911814
5501833873
8372305498
7980014515
5872172697
3577623726
7067692663
7222795945
5777933220
7450773038
8526825409
4135906121
7357658026
3917645274
1912733553
8468509728
8450589561
1411527345
6437362217
6858298130
6109614340
5720582067
7230799859
7187479162
8434457582
7703695182
7753662819
8172085068
8534144610
7481575863
7548738213
5989206235
8178101498
2256286309
8452839582
5761479117
7359219438
2542617091
6270467240
7978027243
8335060543
6671021214
7054592601
5966648830
8474866922
5909231830
7345905502
5878945367
8287387666
7618932909
4096047115
4328785976
6927127764
7173771124
7836015336
4108718541
2209173434
5356459743
6755591291
6300803726
5619265453
8066017646
6911671698
8166812006
4004464115
4346612992
4025212572
5820052270
7212796888
3537971254
2077695516
5638898694
2332682496
8188757303
3068503050
5481791535
5108092932
3078874129
7264864294
6867445819
4413258437
5585517658
1347216420
7084583129
7978282726
5965121180
7380187258
6605856556
8215536661
6353604400
7206722039
8501625911
4482031542
2323286488
7592793953
6839129424
1397486007
6986734619
5669738545
6908729145
5868459903
7782906423
8880724672
7296720187
3434613722
6941161003
6864029936
3035330892
6958212883
8480602194
8504760957
5510347672
8430628776
7753301014
3440356848
8108260712
8510939100
5741550307
7940929132
8469424947
8495028589
8276920662
8499516630
8477786945
8501851872
5815660551
317135275
6041087907
8261388091
8474231804
8503658239
8496595771
8500321884
7660363765
6130675218
8506100702
8445260523
3922470272
7008440207
7045736988
8331178177
2093699314
8489076393
7207365241
7945437127
5647988629
8499940807
5697621556
8342163967
8108702701
3750651845
8316601908
7170359016
1087001054
8352944112
8404872546
7286093403
1532108730
6123500676
8491006563
2946752858
200486382
8294280524
5581211378
8492544829
3989912430
6219301986
8487264091
8412611600
8479847942
8186091242
6736508430
4042283173
8489119865
8478033589
7369331615
8088714992
8198815537
7086814288
467336010
7965709903
8468973932
8423673020
8428304401
8479170430
8479278316
8472998429
7572362862
8470490852
4537580613
8431178858
8464421138
8474000950
7799668975
8468973536
3231317786
8196795190
8467558250
8478718969
6353568783
5874618785
8436056594
8476816876
8382228916
8473570241
8473194028
8476608672
4611853381
3419736753
6868585920
8470535699
8048418347
8476489910
2901499962
8163519150
8460724941
8481610609
8474174936
8479469405
8332303470
8357649771
7850278372
8425477625
8240477486
8483215364
8241679750
8888308707
302061045
250421384
1900262857
8391643952
1540848777
8478492863
2039523553
4768399592
8478553658
5434079283
7931625067
8139095375
4342676958
6570701382
8475910899
4870287833
8332886233
6968048786
7983323499
8299832428
8469543778
8431952409
8447956589
7215764452
8408450003
7026964068
6512510696
4358174883
6065895075
6881300563
7284358489
7921437478
8444526384
5947027905
8442438328
8442722999
8444030370
8150457865
6087285729
6762044701
5892829266
8368839736
8455591452
7009984039
8451929782
3982626677
8375177347
7448807201
8418592223
8390033663
4174362960
7837858361
8235293878
4172372707
8388507979
8427393778
8457819782
8451503001
8358091747
8452280374
7585284020
8464236295
7939196733
8305234224
8171623518
2531085540
8306140206
8106947540
7066810407
8443063892
8457649522
7580356963
8401142896
7598708762
5326638709
8450914519
8906572105
8131981067
6875510005
6375122241
8442983519
8448419013
8451771461
8288473330
8416108053
7428618684
5094695320
8453153830
8451805617
6104695651
7316415141
8396116904
8439607984
7374241534
4781353590
8334714356
8035088577
8004365944
8453836153
8452261171
7314063925
8448536472
4637693492
8354465751
1445161982
8127889007
3010429464
8240817104
8421594614
7327544637
8450582102
5008977766
6282586317
3544556485
3541956829
7013763366
8443765584
5498459276
4023922509
7446735047
8439412390
986829632
4910894750
7565782747
5397627248
8063653088
8429730734
7866827481
8360797240
8380344815
8429057459
7277712781
8437561719
7947104654
7474350721
8081542383
8429775433
8896804052
7243496175
8426763302
6491210066
8140135228
2236424418
8210595660
8425609083
8405197010
8404928191
8441431490
7802849003
7993128414
7983029580
8406612211
8436892151
8262824247
8435729681
7829134580
5352375924
5948229109
8408875403
8424812507
8424483616
6209185763
8419287340
5871927584
8377610008
8441450252
8427595931
8384080077
8440160143
8436035635
8044049437
6869540541
4706668942
8364414576
8371544838
8172061952
4357729099
8440005456
1955285217
8441451365
8421643253
8431140608
7021327445
8347321940
8438037697
8383047583
3183877344
6985183661
8025952359
8368883884
8428917921
7701936220
8442125161
8426707338
7206701252
5875951771
5480997029
5913555547
7927869827
3249354861
8162675643
4233926381
306128067
6205461120
3456924859
5503463201
7820530376
7105219254
6093431261
8400769806
7135213929
8433946207
1640437319
7951194661
4161901018
8052376058
6929065355
8378700014
6994577780
243219474
7592916138
6887816410
5968519970
8008442854
7614444848
8242753232
8290147568
3194590598
7730620792
4177243428
8087554404
4192267596
7992165313
5817699454
4361843384
1470600315
7936495528
8396307613
8415460539
8401641654
8144767397
1903770222
8193398249
7606305889
5588423794
7246504803
5933454845
8408916162
7317240510
8130000983
7983256597
8329441195
5473311014
8160367864
8047474941
8084964389
8407266074
6731424555
8400965917
8395721505
8318723240
8407865787
8363891157
8067999505
8287603929
4360217748
8408515027
8412458448
8361774928
8408320959
8378074865
8894068121
8409887119
8400748718
8411734917
8369243747
8309081801
8341113836
8392208735
4481489729
6075661244
8404032904
8396297300
7987280709
8369158018
7679198877
8400967662
8396166169
7380293751
8283794571
8402938200
8224575983
7988945853
7961947090
8402580937
7324887355
8365263707
8267288522
8369498612
7178515471
8406313989
8007416457
4204014438
3120966819
7022731770
6893361436
5639506118
7714391107
7715689046
3909392622
5457095484
8269592759
5739235357
8335508441
7888798683
8388561482
8058454766
6667495368
8358911009
7188993078
7906800964
4748279183
1686840050
6960185100
8383176653
1937523966
8348017752
2346207281
4264286929
8340428115
8186337032
7962170137
8376028014
7395743476
7871434415
8377600609
8366440373
7410291198
8364301466
4794405555
8376818890
8378143481
8357267594
8378281387
8263244338
4773057060
7273404207
8250163505
8379425990
8007306356
7856440426
7814447773
8181935273
4139461805
8018533395
3604451873
7706887550
7725725576
8290679318
8375939975
8355428351
8289230631
8355192526
8086763494
3908541387
8295657911
7646571329
7917206258
8336027797
8366552337
8268604376
8356880210
5493811246
8336643530
7409222873
1915322075
8354440612
8309553175
7329689430
8365058023
8316552557
6336562511
7319277081
8149154964
7870720330
8167740607
8282251152
6895098309
8303586707
8051741259
5752240531
8298019398
5724933709
3310217159
7211137426
8360605595
4459543379
7873151022
4657370392
8237344865
8358748898
5530592352
6467140516
6954135239
7032241360
8263741856
8357702618
8162707688
6283058253
8322091509
8277184358
8361539711
6953582971
7371918372
8362192518
8363365992
8289520353
8230510479
908519539
8339671518
8198974683
8274177878
8284048706
7018905580
8347206487
7182255757
7446040854
7906693808
8329926757
6270252547
8342948117
7001163393
4086278187
5830358320
6749743327
3639037130
8249960877
8013331577
1529450314
7948704633
8266867271
5920506177
7729235523
7815714387
8274478428
8317113141
8316113988
1480031357
7148676276
8309113875
8325002136
5727063078
7966850640
7416165663
4351110017
8308755534
6395970991
8090237462
8294250951
7156675669
8270652614
8266303432
7911611532
356912766
8305192068
7977722096
8281633109
8310437913
8292520433
8240410183
8244225010
7458664423
4348172479
8281361869
7909668400
7726159191
7552590679
8313764193
3078975720
8249926634
7117677576
8313779314
6907058806
7283961883
4106657074
8124727714
8227868858
8293261189
7930050090
7175955684
7361095461
8214009725
7123896111
8250122154
3115706633
8065286170
2015390555
7826736567
8317358579
8319294280
6723612620
8316370807
8315628680
8017065686
536749630
5713032925
8312267436
8303881472
5975433891
8010077512
5342680497
7296376400
8305339917
8308839395
229760250
8283600998
8269784065
8163736520
8096010447
4227509932
8129885688
6935593639
8215170593
5847776928
8271581848
8185878059
4680261790
6662358798
8275404071
1987252339
2284626590
8199971747
6998092478
7977900785
8016432023
5488151312
8136447627
7731192340
8277666973
8277078539
6130917500
8284193230
7275301696
6941120097
6925124367
8280272639
8245017934
8278291617
8267033968
6562537586
7499879611
7735569751
8216257894
6887452198
8283779135
7879107128
6555149156
357329224
8285045704
8181084022
8287339725
8288185382
8288186130
6052449780
4592800804
4233615931
8249930765
3965469929
6258524800
6324893695
1780959663
4466787388
5702289375
8186849231
7619564874
628038564
4399878417
2372206622
7272022612
3723378504
4132379612
8151433788
1401541797
3961156295
3188026864
7983995251
6906704633
5644125871
7276951863
1645687780
6863962480
8084415446
2349710613
6863965591
2282801041
4831293397
8254848875
5390060169
6843967014
4755020054
8232903267
8250153685
6267382593
1429017923
1642953820
6953011855
4170411280
8022888102
5847840331
8244211886
7434525615
3952758603
2281961626
8206825371
7324730593
4048394928
2005566765
7994046808
5613652516
8229295680
580151583
6629221035
7212064516
7798256828
7727852280
8203690727
4039566241
8228885614
1833346062
3508172856
8151852354
646004616
8227845003
7691833355
7796438550
8014168374
4562599661
6270891138
6270660118
7499749561
5571368534
8121686809
1493039083
7756702512
8215199041
8177087148
7342139029
265109624
8210821916
6966146725
3168696018
4122663950
8013851052
7940120162
284181795
8117267363
7578321089
3688788327
3443211270
6981508453
6949803415
4401159588
5690345017
5590095383
5665617681
4349225931
7163313298
3578151872
6014799293
5763713051
4038123753
5445453893
6116771294
3600664475
1543800052
7082878795
1911048879
4073247596
173863090
3949762071
7379328029
3512720441
7974866881
1696821550
7537757862
7614711095
7851651657
7166245258
8178476130
6301293794
6285144573
6251753162
2545560505
2101288986
6151147842
5745305078
3590342043
6075102310
6822978203
3403540187
8173626981
3885837873
4341007455
3960876569
5657483212
7457739714
5444302096
4032882041
4561788873
7164216100
8178944871
7288720592
4830220554
7159018697
1515801207
8024889634
5028989476
1427823012
8090689525
8174128930
7662535219
7087636042
8020691593
8101430837
4932805947
6817726732
643401252
6155997353
3114325682
2460073374
2030578108
5771219225
5730481489
5891704832
4473759812
7871437720
1412708068
6940308220
1651943925
8111582496
3148091588
7221208007
3945596775
7041708131
3272857432
1648526904
3611263085
6313422693
1649521298
3602659069
5582088254
5915615750
6269315927
2028537148
7878278767
3536439582
390841931
7288888731
460687468
437553842
3909257852
1467577373
4203143281
3759545542
3585866071
635272505
8161831341
5898364235
1573307129
407090316
2208681718
6408076476
4738115667
6948290164
8073493114
8157352747
6897636693
6151081466
5535017034
7957818724
247658958
4122140704
318158630
7994679394
6646533007
4225846238
8009960446
7156128088
7184599037
2051201884
5818815892
4515400685
8110782639
4627194828
2177688329
1649514236
1566162120
1395536676
6852740669
2188417070
7889975162
3288761249
1019160289
2908293906
5699541408
3555359482
6703105160
5838355513
2315245706
7797704353
5718683397
7734438700
6845629582
407526550
7800060380
8076300740
5918320102
8144256106
5414824591
6917902437
7986899084
6835343297
6273769143
5456687587
7069103673
3514297208
4076975996
4758089166
5648315665
5968181892
3237234561
5862605974
7190058026
2276935284
4573376705
7760178530
7358874192
7994135129
687554842
5911616524
678568890
7747864057
5318377028
7734562740
6969362558
7169963281
7515143383
7919139089
5415460964
7989718566
7922027463
7812272095
6272976506
8127380978
7270306671
7198230968
8081933953
4150737863
1506464008
8103412468
7967973028
3622221535
7940201714
8115930773
7438428098
8123352584
8103560533
7929910787
2459667326
8016462122
8099961719
4842297526
7644412044
7009311361
4516404851
2518195890
7853374615
7933166822
5595077129
5956504677
8100944193
8089378061
5653682500
7199318193
5828503591
8062963495
7579836354
6349317347
6178704135
8029082143
5908655063
5460744748
7933018268
2746169079
6948872620
4673524995
7693348680
7880159028
5973141686
8095188691
4139145869
1426366168
7412482503
6698892959
3302319891
498929224
7056142738
7674445160
8045647133
5946802715
6001625653
500780967
8068647633
7049932604
5453962633
4042826169
5899731905
7577378282
2808529603
6232949678
5517672686
1480677677
3215875189
7311726216
6906575739
7473505370
8051731926
8047517481
5673214752
1089371388
7959118853
7765059350
8094212189
3534701774
7235723691
1670723347
8056049846
2277666544
7573945024
8056459318
7754058878
7268064361
7863862443
6202950164
5483176769
7833211970
3253732082
7750444044
6913920620
7870777916
8028225895
8078469277
4974422098
8083132208
8052773304
7088713263
6942329187
7748553515
7224446780
7009816563
5677580237
5592179162
6287615932
4115044057
5930599348
3640968081
7329070527
7942273301
7146209737
7935923189
1777228627
4196671608
6981848625
4096522077
6211852104
580787259
7104844575
4527459755
6930816970
7994631948
7879077979
3624581579
6144171694
3272891847
6936723937
971669769
6042155239
1550121815
8014125747
7186997699
5744293067
1603237144
5459774116
7267775676
5746573806
5991926303
7313700296
4097879190
6179253201
4647269737
2537805155
4158456919
2284073926
3272114269
3428867643
5935410728
7168657738
1984700732
3647125110
4347185205
422598383
5310606206
4526871146
5432932635
3981121711
226901485
2272260663
5720189382
844614884
3434413590
2208814094
3935348850
5037383422
5972487948
7289839946
5518219496
4370437833
7488152452
8012891077
7717939111
263329763
8071792674
7693188381
7708937583
6933102273
8044753255
7993411382
7998858156
2984661759
7358841597
7724540157
6971258599
7795256088
6952248527
7951991813
7969801030
5956909042
7644478640
1562779070
2065322899
5860537015
2903227810
6226661242
7197393684
8064916277
7861876108
3687707440
7409402213
7127882845
8013837673
6075894253
7509131695
8037256133
7915794860
6909177064
8010741594
3300085988
7762600941
8033843810
3187607955
6893984939
6437650043
7933299213
8032558656
8046491829
8038902478
8046434441
7546615566
7974777283
2928348818
3241471651
5159892988
6571916242
8000647528
6900338155
8040724956
7606767606
8025107544
6326568418
8045464093
8050230678
3676132130
4640265366
7811731408
7999602007
7972699875
8015989696
6262771908
6086571930
8044142789
5458017490
3123609533
7988395084
7708038959
7385041012
7888622465
7152968864
5887766522
7886378211
4468441383
6933436967
7984141057
8047032132
3620766663
6657387391
8047262224
4770567546
1591072444
5755248277
7743642366
8044838859
7815585831
5747903342
4918591210
6269299331
6328028515
8013989460
7152953398
7716359631
4581580701
6278066458
7964972939
8006805337
8016220503
7969214212
12793171
7818227771
7997933174
7603362092
8012501272
8019106417
7978231471
7452349460
7388579674
7593731276
7944185201
5870986675
7127607119
8006027570
7941268902
4187970126
5903151592
8010320184
8018205296
8012855124
7943865618
7929110375
7979555746
7994535394
8013711933
7592464814
7316837815
5856398050
7862296099
8011947868
8009038092
8015035343
7987060844
5967283508
7381587936
7772936254
8007123731
8020993060
5644890767
7989283309
8000281197
7646352326
7857490558
7453574712
7991796074
4462705870
3192680374
8022993075
1945012694
7970670306
5385609875
7751326290
8018836400
7967270088
6868129492
1793048680
7563462794
7094147021
6187065706
26750130
5727266446
7948678926
7975014010
8016293565
5550342422
7961746571
4474472548
7996262309
7954899710
7947507847
6617679835
7857494624
7987963907
7637118405
7801991999
7998720394
6563319545
7990801725
5709499292
7736169921
4542054358
7208975744
7929801120
7947120558
7960369274
7424707394
7250074928
7991549551
7923252354
7944225367
6160380076
7960740132
7965868380
7839103942
4839990632
7889949143
7936594599
6654684500
7117496569
7981302211
7971778947
7689947769
7945632880
7787113015
7905011064
7601305917
7618933871
7961856930
6257702872
8005097042
6074700929
5413654953
7989758861
7004920502
7859605825
7901642133
7991531113
7607962445
7641175194
6941940557
7810052691
6478536552
7998412137
7997911331
6367246547
7931364809
6930025953
4251219872
3941075399
7950454561
7873180612
7944470721
7461212914
5803874922
7209500189
7482313439
5831824332
7960388496
4143284409
5745514355
3883070290
492478069
6648885377
4319320359
6264293733
6113775708
4519958297
7594688819
7012813772
7501245641
7714161135
7887630447
7640041585
5736813864
3187572655
7958088444
7365883562
7248852296
7424107028
7921947086
7573191003
7944800619
7439259677
7531265261
7457342712
7984166340
7438941120
7304642967
5639810444
7764631757
7348311746
4023131589
7116808852
3475231753
2345672952
7591922566
7938191840
5638440049
7797397753
7382007379
6836957107
6003041113
7795243812
7791944096
7317512460
2701585765
7975256523
7969211698
7402117069
5734296348
7967958821
7958237724
3428210535
7965030407
2526038767
7864182591
6662298481
3265100402
7975688502
7693674562
3469178580
7496135787
6715707743
1527306929
6890059962
7920692473
7560263542
4827568098
4240789675
6840044492
7077348921
7777359115
7883513376
1913299551
7713474636
2292545495
4035243820
3714404135
7933062830
7673771246
7810391340
3604116608
3553406030
7152738984
2238159994
7962796226
7018202103
7468128628
7902865585
7931851513
6331100590
1658015946
7890970344
7320421122
1528279999
3665985079
7947994629
353992824
6970779662
7947089778
7726693381
2306252228
7913488185
7691525324
7914648675
7882000641
7069157487
7873877408
7005987467
4145907179
1904355175
7645911929
7947683761
7846527434
5624247267
7911851879
5770561255
5941408801
1287885845
4768825729
7882890284
3016867811
7910760229
7714516871
3063160488
7930723866
7869474231
7577947607
7268021782
7907220925
7941482094
7892559457
5506302937
7915446092
7557296081
7229269177
3920124072
6917191255
7938336468
4974682651
5961999116
7942094088
3983300935
5824351944
7943333701
7937346290
5895244951
7942376219
7692211595
5574439760
7847430361
7045077654
6396767875
7116289441
6832067842
4198089242
4812262817
6271387141
3132639101
6057010616
7712382705
7647388277
4381282225
5697153906
7856356471
6179217607
7124029611
5347600919
7055514291
1291626961
7932073231
4684582977
4172125821
4163268555
7929506481
7115450140
2075545690
5694409532
7136808516
7260443467
5758008911
7150190079
4453914443
4114565775
3122900715
7044862149
1980370533
5775854818
2300042495
4596682298
3592495653
446927907
1529458312
7731637507
2918368202
4627265691
5619330368
7867503680
6569585994
2025274951
6197327537
1794279540
7444480153
6342373080
5483930632
4628737340
4763761211
6922829967
3077487069
7853103337
2332954451
7691647845
3579696191
4779527934
6928743510
7890588562
7810024023
7153818375
7841898390
3015217312
7283509985
2922277237
4614796447
7362235185
6824134010
2434793100
6360432938
6846410972
4516659325
5711776119
6747599738
227093592
5461393745
7399561102
6942302870
5392980937
1907529981
1274029386
4543774005
5343040635
7029854948
4034361407
1980657955
1710995592
3946763812
3578128691
1620992402
4770640924
4065653868
3556345401
7911827637
4510707688
1610675314
7729982649
6996221087
3934722223
7891856521
7019570544
5621852307
4749799531
7462323992
906805526
5092038987
3080341990
1457810527
209789421
3242689602
3252467917
4228287119
4907266792
3744495624
1928311572
1738614569
4238283625
1557317180
2109289386
7091624842
365247067
673157324
3611533314
3253736961
4542074152
7904314275
7443866138
7299910082
5444992899
5886238331
348855679
1641612365
3249498786
1708895843
2298878340
4000916131
4719670769
1073188011
1525144638
7577903082
7725403985
7135559293
2985568162
3923840455
4010778703
5656701279
7773654260
7125094130
1790415443
6691347331
6637375706
4194007687
5886306103
3412299433
7460365514
3232243135
1989342910
1405064048
7677261361
7865494469
7280800801
6169401993
7626347978
3983918960
6115822532
7880324144
4783903528
7886410734
6425164403
7878877606
6744426814
7881534540
1433187634
305418373
3012242585
4860047451
7171878846
6250918697
5706924179
7367218363
2257813484
7360004109
994110912
7684086355
7873669770
2980549993
7225978434
3601430530
7672440966
4632391598
6179826153
6984156298
7391187627
7303607397
2974608691
2080286344
3070390141
5578323924
315226237
3614641994
5560778501
1350923796
3581962452
7509056338
966699159
6954790197
1582429323
5424163322
3070717055
4244250540
4169552230
7770272956
7866503161
4321611837
1557482378
5357471745
2046151650
4249963669
7798412106
2182343303
4447470921
5385009771
6883097846
41528012
5883179117
7552639011
1488193289
4021525011
3700496729
4568987415
5827149685
1409660145
4235096273
4765862963
3037005497
3916185023
4814892553
1943813296
404861831
3988133820
6679367946
5074679177
5536872862
4971414181
4789079528
6262687316
4034203577
5976569783
6056016890
3118510697
4270643873
1229337845
5447545617
7800412165
7852017916
6676687740
7416611495
6898312509
3887959108
3218188735
6640323433
7819127592
6353197425
1548929694
7811960773
5884878226
6230561190
7592006889
5874235951
567993891
7769947846
7829697999
